  0. -10002.2002 -10002.2002 -10002.2002 -10002.0996 -10002. -10001.9004
 -10001.7998 -10001.5 -10001.2002 -10000.7002 -9999.90039 -9999.00977
 -9997.67969 -9995.7002 -9993.0498 -9989.01953 -9983.41992 -9975.00977
 -9962.2998 -9943.83008 -9913.21973 -9868.69043 -9793.4502 -9678.41016
 -9505.74023 -9306.41992
  0.5 -10002.2002 -10002.2002 -10002.2002 -10002.0996 -10002. -10001.9004
 -10001.7998 -10001.5 -10001.2002 -10000.7002 -9999.90039 -9999.00977
 -9997.66992 -9995.7002 -9993.0498 -9989.01953 -9983.41992 -9975.00977
 -9962.2998 -9943.83008 -9913.21973 -9868.69043 -9793.4502 -9678.40039
 -9505.74023 -9306.41992
  1. -10002.2002 -10002.2002 -10002.2002 -10002.0996 -10002. -10001.9004
 -10001.7998 -10001.5 -10001.2002 -10000.7002 -9999.90039 -9999.00977
 -9997.66992 -9995.7002 -9993.04004 -9989.01953 -9983.41992 -9975. -9962.29004
 -9943.83008 -9913.21973 -9868.69043 -9793.4502 -9678.40039 -9505.74023
 -9306.41016
  1.5 -10002.2002 -10002.2002 -10002.2002 -10002.0996 -10002. -10001.9004
 -10001.7002 -10001.5 -10001.2002 -10000.7002 -9999.99023 -9999.00977
 -9997.66992 -9995.7002 -9993.04004 -9989.01953 -9983.41992 -9975. -9962.29004
 -9943.83008 -9913.20996 -9868.67969 -9793.4502 -9678.40039 -9505.74023
 -9306.41016
  2. -10002.2002 -10002.2002 -10002.2002 -10002.0996 -10002. -10001.9004
 -10001.7002 -10001.5 -10001.2002 -10000.7002 -9999.98047 -9999. -9997.66992
 -9995.7002 -9993.04004 -9989.00977 -9983.41016 -9974.99023 -9962.29004
 -9943.82031 -9913.20996 -9868.67969 -9793.44043 -9678.40039 -9505.74023
 -9306.41016
  2.5 -10002.2002 -10002.2002 -10002.2002 -10002.0996 -10002. -10001.9004
 -10001.7002 -10001.5 -10001.2002 -10000.7002 -9999.98047 -9998.99023
 -9997.66016 -9995.69043 -9993.03027 -9989.00977 -9983.41016 -9974.99023
 -9962.29004 -9943.82031 -9913.20996 -9868.67969 -9793.44043 -9678.38965
 -9505.73047 -9306.41016
  3. -10002.2002 -10002.2002 -10002.2002 -10002.0996 -10002. -10001.9004
 -10001.7002 -10001.5 -10001.0996 -10000.7002 -9999.96973 -9998.99023
 -9997.66016 -9995.69043 -9993.03027 -9989. -9983.40039 -9974.99023 -9962.28027
 -9943.80957 -9913.2002 -9868.66992 -9793.44043 -9678.38965 -9505.73047
 -9306.40039
  3.5 -10002.2002 -10002.2002 -10002.0996 -10002.0996 -10002. -10001.9004
 -10001.7002 -10001.5 -10001.0996 -10000.7002 -9999.96973 -9998.99023
 -9997.65039 -9995.67969 -9993.01953 -9988.99023 -9983.40039 -9974.98047
 -9962.26953 -9943.80957 -9913.2002 -9868.66992 -9793.42969 -9678.37988
 -9505.71973 -9306.40039
  4. -10002.2002 -10002.2002 -10002.0996 -10002.0996 -10002. -10001.9004
 -10001.7002 -10001.5 -10001.0996 -10000.5996 -9999.95996 -9998.98047
 -9997.63965 -9995.66992 -9993.00977 -9988.99023 -9983.38965 -9974.98047
 -9962.26953 -9943.7998 -9913.19043 -9868.66016 -9793.41992 -9678.37988
 -9505.71973 -9306.38965
  4.5 -10002.2002 -10002.2002 -10002.0996 -10002.0996 -10002. -10001.9004
 -10001.7002 -10001.5 -10001.0996 -10000.5996 -9999.9502 -9998.96973
 -9997.63965 -9995.66992 -9993.00977 -9988.98047 -9983.37988 -9974.96973
 -9962.25977 -9943.79004 -9913.17969 -9868.65039 -9793.41992 -9678.37012
 -9505.70996 -9306.37988
  5. -10002.2002 -10002.0996 -10002.0996 -10002.0996 -10001.9004 -10001.9004
 -10001.7002 -10001.5 -10001.0996 -10000.5996 -9999.94043 -9998.95996
 -9997.62988 -9995.66016 -9992.99023 -9988.96973 -9983.37012 -9974.95996
 -9962.25 -9943.79004 -9913.16992 -9868.63965 -9793.41016 -9678.36035
 -9505.7002 -9306.37012
  5.5 -10002.0996 -10002.0996 -10002.0996 -10002.0996 -10001.9004 -10001.9004
 -10001.7002 -10001.5 -10001.0996 -10000.5996 -9999.92969 -9998.9502
 -9997.62012 -9995.63965 -9992.99023 -9988.95996 -9983.36035 -9974.9502
 -9962.24023 -9943.78027 -9913.16016 -9868.62988 -9793.40039 -9678.34961
 -9505.69043 -9306.36035
  6. -10002.0996 -10002.0996 -10002.0996 -10002. -10001.9004 -10001.9004
 -10001.7002 -10001.4004 -10001.0996 -10000.5996 -9999.91992 -9998.94043
 -9997.59961 -9995.62988 -9992.96973 -9988.9502 -9983.34961 -9974.94043
 -9962.23047 -9943.75977 -9913.15039 -9868.62012 -9793.38965 -9678.33984
 -9505.67969 -9306.34961
  6.5 -10002.0996 -10002.0996 -10002.0996 -10002. -10001.9004 -10001.7998
 -10001.7002 -10001.4004 -10001.0996 -10000.5996 -9999.90039 -9998.92969
 -9997.58984 -9995.62012 -9992.95996 -9988.94043 -9983.33984 -9974.91992
 -9962.21973 -9943.75 -9913.13965 -9868.61035 -9793.37988 -9678.33008
 -9505.66992 -9306.33984
  7. -10002.0996 -10002.0996 -10002.0996 -10002. -10001.9004 -10001.7998
 -10001.5996 -10001.4004 -10001.0996 -10000.5996 -9999.88965 -9998.91016
 -9997.58008 -9995.59961 -9992.9502 -9988.91992 -9983.32031 -9974.91016
 -9962.2002 -9943.74023 -9913.12988 -9868.59961 -9793.36035 -9678.32031
 -9505.66016 -9306.33008
  7.5 -10002.0996 -10002.0996 -10002. -10001.9004 -10001.9004 -10001.7998
 -10001.5996 -10001.4004 -10001. -10000.5996 -9999.87012 -9998.88965
 -9997.55957 -9995.58984 -9992.92969 -9988.91016 -9983.30957 -9974.88965
 -9962.19043 -9943.71973 -9913.11035 -9868.58008 -9793.34961 -9678.2998
 -9505.63965 -9306.32031
  8. -10002.0996 -10002.0996 -10002. -10001.9004 -10001.9004 -10001.7998
 -10001.5996 -10001.4004 -10001. -10000.5 -9999.84961 -9998.87988 -9997.54004
 -9995.57031 -9992.91016 -9988.88965 -9983.29004 -9974.87988 -9962.16992
 -9943.70996 -9913.08984 -9868.57031 -9793.33008 -9678.29004 -9505.62988
 -9306.2998
  8.5 -10002. -10002. -10002. -10001.9004 -10001.9004 -10001.7998 -10001.5996
 -10001.4004 -10001. -10000.5 -9999.83008 -9998.86035 -9997.51953 -9995.5498
 -9992.88965 -9988.87012 -9983.26953 -9974.86035 -9962.15039 -9943.69043
 -9913.08008 -9868.5498 -9793.30957 -9678.26953 -9505.61035 -9306.28027
  9. -10002. -10002. -10001.9004 -10001.9004 -10001.9004 -10001.7002
 -10001.5996 -10001.2998 -10000.9004 -10000.5 -9999.80957 -9998.83008 -9997.5
 -9995.53027 -9992.87012 -9988.84961 -9983.25 -9974.83984 -9962.12988
 -9943.66992 -9913.05957 -9868.53027 -9793.2998 -9678.25 -9505.58984
 -9306.26953
  9.5 -10002. -10001.9004 -10001.9004 -10001.9004 -10001.7998 -10001.7002
 -10001.5 -10001.2998 -10000.9004 -10000.5 -9999.79004 -9998.80957 -9997.48047
 -9995.50977 -9992.84961 -9988.83008 -9983.23047 -9974.82031 -9962.11035
 -9943.65039 -9913.04004 -9868.50977 -9793.28027 -9678.23047 -9505.57031
 -9306.25
  10. -10001.9004 -10001.9004 -10001.9004 -10001.9004 -10001.7998 -10001.7002
 -10001.5 -10001.2998 -10000.9004 -10000.5 -9999.76953 -9998.79004 -9997.4502
 -9995.48047 -9992.83008 -9988.80957 -9983.20996 -9974.79004 -9962.08984
 -9943.62988 -9913.01953 -9868.49023 -9793.25 -9678.20996 -9505.5498
 -9306.23047
  10.5 -10001.9004 -10001.9004 -10001.9004 -10001.9004 -10001.7998 -10001.7002
 -10001.5 -10001.2998 -10000.9004 -10000.4004 -9999.74023 -9998.75977
 -9997.42969 -9995.45996 -9992.7998 -9988.78027 -9983.17969 -9974.76953
 -9962.05957 -9943.59961 -9912.99023 -9868.45996 -9793.23047 -9678.19043
 -9505.53027 -9306.2002
  11. -10001.9004 -10001.9004 -10001.9004 -10001.7998 -10001.7002 -10001.5996
 -10001.5 -10001.2002 -10000.9004 -10000.4004 -9999.70996 -9998.73047
 -9997.38965 -9995.41992 -9992.76953 -9988.75 -9983.15039 -9974.74023
 -9962.03027 -9943.57031 -9912.95996 -9868.44043 -9793.2002 -9678.16016 -9505.5
 -9306.16992
  11.5 -10001.9004 -10001.9004 -10001.7998 -10001.7998 -10001.7002 -10001.5996
 -10001.4004 -10001.2002 -10000.7998 -10000.4004 -9999.66992 -9998.69043
 -9997.36035 -9995.38965 -9992.73047 -9988.71973 -9983.12012 -9974.70996 -9962.
 -9943.54004 -9912.92969 -9868.41016 -9793.16992 -9678.12988 -9505.46973
 -9306.15039
  12. -10001.7998 -10001.7998 -10001.7998 -10001.7998 -10001.7002 -10001.5996
 -10001.4004 -10001.0996 -10000.7998 -10000.2998 -9999.62988 -9998.66016
 -9997.32031 -9995.34961 -9992.7002 -9988.67969 -9983.08008 -9974.66992
 -9961.96973 -9943.5 -9912.90039 -9868.37012 -9793.13965 -9678.09961
 -9505.44043 -9306.12012
  12.5 -10001.7998 -10001.7998 -10001.7998 -10001.7002 -10001.5996 -10001.5
 -10001.2998 -10001.0996 -10000.7998 -10000.2998 -9999.58984 -9998.61035
 -9997.28027 -9995.30957 -9992.66016 -9988.63965 -9983.04004 -9974.62988
 -9961.92969 -9943.46973 -9912.86035 -9868.33008 -9793.09961 -9678.05957
 -9505.41016 -9306.08008
  13. -10001.7002 -10001.7002 -10001.7002 -10001.7002 -10001.5996 -10001.5
 -10001.2998 -10001.0996 -10000.7002 -10000.2002 -9999.5498 -9998.57031
 -9997.24023 -9995.26953 -9992.62012 -9988.59961 -9983. -9974.58984 -9961.88965
 -9943.42969 -9912.82031 -9868.2998 -9793.07031 -9678.03027 -9505.37012
 -9306.04004
  13.5 -10001.7002 -10001.7002 -10001.7002 -10001.5996 -10001.5 -10001.4004
 -10001.2002 -10001. -10000.7002 -10000.2002 -9999.5 -9998.51953 -9997.19043
 -9995.21973 -9992.57031 -9988.5498 -9982.95996 -9974.54004 -9961.83984
 -9943.37988 -9912.78027 -9868.25 -9793.03027 -9677.99023 -9505.33008
 -9306.00977
  14. -10001.5996 -10001.5996 -10001.5996 -10001.5996 -10001.5 -10001.4004
 -10001.2002 -10000.9004 -10000.5996 -10000.0996 -9999.4502 -9998.46973
 -9997.13965 -9995.16992 -9992.51953 -9988.5 -9982.91016 -9974.5 -9961.7998
 -9943.33984 -9912.73047 -9868.20996 -9792.98047 -9677.9502 -9505.29004
 -9305.96973
  14.5 -10001.5996 -10001.5996 -10001.5 -10001.5 -10001.4004 -10001.2998
 -10001.0996 -10000.9004 -10000.5996 -10000.0996 -9999.38965 -9998.41992
 -9997.08008 -9995.12012 -9992.46973 -9988.4502 -9982.84961 -9974.4502
 -9961.74023 -9943.29004 -9912.67969 -9868.16016 -9792.92969 -9677.90039
 -9505.24023 -9305.91992
  15. -10001.5 -10001.5 -10001.5 -10001.4004 -10001.4004 -10001.2002
 -10001.0996 -10000.7998 -10000.5 -10000. -9999.32031 -9998.34961 -9997.01953
 -9995.0498 -9992.40039 -9988.37988 -9982.79004 -9974.37988 -9961.67969
 -9943.21973 -9912.62012 -9868.09961 -9792.87012 -9677.83984 -9505.17969
 -9305.86035
  15.5 -10001.4004 -10001.4004 -10001.4004 -10001.4004 -10001.2998 -10001.2002
 -10000.9004 -10000.7998 -10000.4004 -9999.92969 -9999.25 -9998.26953
 -9996.94043 -9994.98047 -9992.33008 -9988.30957 -9982.71973 -9974.30957
 -9961.61035 -9943.15039 -9912.5498 -9868.03027 -9792.80957 -9677.76953
 -9505.12012 -9305.7998
  16. -10001.2998 -10001.2998 -10001.2998 -10001.2998 -10001.2002 -10001.0996
 -10000.9004 -10000.7002 -10000.2998 -9999.83984 -9999.16016 -9998.19043
 -9996.86035 -9994.88965 -9992.24023 -9988.23047 -9982.62988 -9974.23047
 -9961.53027 -9943.07031 -9912.46973 -9867.95996 -9792.73047 -9677.7002
 -9505.0498 -9305.73047
  16.5 -10001.2002 -10001.2002 -10001.2002 -10001.2002 -10001.0996 -10000.9004
 -10000.7998 -10000.5996 -10000.2002 -9999.74023 -9999.05957 -9998.08984
 -9996.75977 -9994.7998 -9992.15039 -9988.12988 -9982.54004 -9974.13965
 -9961.44043 -9942.99023 -9912.38965 -9867.87012 -9792.65039 -9677.62012
 -9504.95996 -9305.65039
  17. -10001.0996 -10001.0996 -10001.0996 -10001. -10000.9004 -10000.9004
 -10000.7002 -10000.5 -10000.0996 -9999.62988 -9998.9502 -9997.98047
 -9996.65039 -9994.69043 -9992.04004 -9988.03027 -9982.44043 -9974.03027
 -9961.33984 -9942.88965 -9912.29004 -9867.76953 -9792.5498 -9677.51953
 -9504.87988 -9305.55957
  17.5 -10001. -10001. -10000.9004 -10000.9004 -10000.9004 -10000.7002
 -10000.5996 -10000.2998 -9999.90039 -9999.50977 -9998.83008 -9997.86035
 -9996.54004 -9994.58008 -9991.92969 -9987.91992 -9982.33008 -9973.91992
 -9961.23047 -9942.78027 -9912.17969 -9867.66992 -9792.4502 -9677.41992
 -9504.78027 -9305.46973
  18. -10000.9004 -10000.9004 -10000.7998 -10000.7998 -10000.7002 -10000.5996
 -10000.4004 -10000.2002 -9999.86035 -9999.37988 -9998.70996 -9997.74023
 -9996.41016 -9994.4502 -9991.7998 -9987.79004 -9982.2002 -9973.7998
 -9961.11035 -9942.66016 -9912.07031 -9867.55957 -9792.33984 -9677.32031
 -9504.66992 -9305.36035
  18.5 -10000.7002 -10000.7002 -10000.7002 -10000.7002 -10000.5996 -10000.5
 -10000.2998 -10000.0996 -9999.73047 -9999.25 -9998.57031 -9997.59961
 -9996.28027 -9994.32031 -9991.67969 -9987.66016 -9982.08008 -9973.67969
 -9960.99023 -9942.54004 -9911.9502 -9867.44043 -9792.23047 -9677.20996
 -9504.55957 -9305.25977
  19. -10000.5996 -10000.5996 -10000.5996 -10000.5 -10000.4004 -10000.2998
 -10000.2002 -9999.91992 -9999.58008 -9999.09961 -9998.41992 -9997.4502
 -9996.12988 -9994.16992 -9991.53027 -9987.51953 -9981.92969 -9973.54004
 -9960.84961 -9942.40039 -9911.80957 -9867.30957 -9792.08984 -9677.08008
 -9504.44043 -9305.12988
  19.5 -10000.4004 -10000.4004 -10000.4004 -10000.2998 -10000.2002 -10000.0996
 -9999.95996 -9999.73047 -9999.37988 -9998.91016 -9998.23047 -9997.25977
 -9995.94043 -9993.98047 -9991.33984 -9987.33008 -9981.75 -9973.36035
 -9960.66992 -9942.23047 -9911.63965 -9867.13965 -9791.92969 -9676.91016
 -9504.28027 -9304.98047
  20. -10000.2002 -10000.0996 -10000.0996 -10000.0996 -10000. -9999.90039
 -9999.73047 -9999.5 -9999.16016 -9998.67969 -9998. -9997.04004 -9995.70996
 -9993.75977 -9991.12012 -9987.12012 -9981.54004 -9973.13965 -9960.45996
 -9942.01953 -9911.44043 -9866.94043 -9791.73047 -9676.71973 -9504.08984
 -9304.79004
  20.5 -9999.88965 -9999.87988 -9999.84961 -9999.80957 -9999.73047 -9999.62988
 -9999.45996 -9999.23047 -9998.88965 -9998.41992 -9997.74023 -9996.78027
 -9995.4502 -9993.5 -9990.86035 -9986.86035 -9981.28027 -9972.88965 -9960.20996
 -9941.78027 -9911.2002 -9866.7002 -9791.5 -9676.49023 -9503.87012 -9304.57031
  21. -9999.58008 -9999.57031 -9999.5498 -9999.5 -9999.42969 -9999.32031
 -9999.15039 -9998.92969 -9998.58008 -9998.11035 -9997.44043 -9996.46973
 -9995.15039 -9993.2002 -9990.57031 -9986.57031 -9980.99023 -9972.61035
 -9959.92969 -9941.5 -9910.91992 -9866.42969 -9791.24023 -9676.23047
 -9503.61035 -9304.33008
  21.5 -9999.23047 -9999.21973 -9999.2002 -9999.15039 -9999.08008 -9998.96973
 -9998.80957 -9998.58008 -9998.24023 -9997.76953 -9997.09961 -9996.13965
 -9994.82031 -9992.87012 -9990.24023 -9986.24023 -9980.66992 -9972.29004
 -9959.61035 -9941.19043 -9910.62012 -9866.12988 -9790.94043 -9675.94043
 -9503.33008 -9304.0498
  22. -9998.83984 -9998.83984 -9998.80957 -9998.76953 -9998.7002 -9998.58984
 -9998.42969 -9998.2002 -9997.86035 -9997.38965 -9996.71973 -9995.75977
 -9994.4502 -9992.5 -9989.87012 -9985.87988 -9980.30957 -9971.92969 -9959.25977
 -9940.83984 -9910.26953 -9865.79004 -9790.61035 -9675.62012 -9503.00977
 -9303.74023
  22.5 -9998.41992 -9998.41016 -9998.38965 -9998.34961 -9998.26953 -9998.16992
 -9998.00977 -9997.78027 -9997.44043 -9996.98047 -9996.30957 -9995.34961
 -9994.04004 -9992.08984 -9989.46973 -9985.48047 -9979.91016 -9971.54004
 -9958.87012 -9940.45996 -9909.90039 -9865.41992 -9790.25 -9675.26953
 -9502.66992 -9303.41016
  23. -9997.98047 -9997.96973 -9997.9502 -9997.91016 -9997.83008 -9997.73047
 -9997.57031 -9997.33984 -9997.00977 -9996.54004 -9995.87988 -9994.91992
 -9993.61035 -9991.66992 -9989.04004 -9985.05957 -9979.5 -9971.12988
 -9958.46973 -9940.05957 -9909.5 -9865.04004 -9789.87012 -9674.90039
 -9502.30957 -9303.0498
  23.5 -9997.48047 -9997.48047 -9997.4502 -9997.41016 -9997.33984 -9997.24023
 -9997.08008 -9996.84961 -9996.51953 -9996.0498 -9995.38965 -9994.42969
 -9993.12988 -9991.19043 -9988.57031 -9984.58984 -9979.03027 -9970.66992
 -9958.00977 -9939.61035 -9909.05957 -9864.59961 -9789.44043 -9674.48047
 -9501.88965 -9302.65039
  24. -9996.83984 -9996.83008 -9996.80957 -9996.76953 -9996.7002 -9996.59961
 -9996.44043 -9996.20996 -9995.87988 -9995.41992 -9994.75977 -9993.80957
 -9992.5 -9990.57031 -9987.9502 -9983.96973 -9978.41992 -9970.07031 -9957.41992
 -9939.01953 -9908.49023 -9864.04004 -9788.87988 -9673.92969 -9501.36035
 -9302.12988
  24.5 -9996.0498 -9996.04004 -9996.01953 -9995.98047 -9995.91016 -9995.80957
 -9995.65039 -9995.42969 -9995.09961 -9994.63965 -9993.98047 -9993.03027
 -9991.73047 -9989.80957 -9987.19043 -9983.21973 -9977.67969 -9969.33008
 -9956.69043 -9938.2998 -9907.78027 -9863.33984 -9788.2002 -9673.25977
 -9500.7002 -9301.48047
  25. -9995.12012 -9995.11035 -9995.08984 -9995.0498 -9994.98047 -9994.87988
 -9994.71973 -9994.5 -9994.17969 -9993.71973 -9993.05957 -9992.12012
 -9990.82031 -9988.90039 -9986.29004 -9982.33008 -9976.79004 -9968.4502
 -9955.82031 -9937.4502 -9906.92969 -9862.50977 -9787.38965 -9672.45996
 -9499.91992 -9300.71973
  25.5 -9994.04004 -9994.03027 -9994.00977 -9993.96973 -9993.90039 -9993.7998
 -9993.65039 -9993.42969 -9993.11035 -9992.65039 -9991.99023 -9991.05957
 -9989.76953 -9987.84961 -9985.25 -9981.29004 -9975.76953 -9967.44043
 -9954.82031 -9936.45996 -9905.95996 -9861.5498 -9786.44043 -9671.54004
 -9499.01953 -9299.83984
  26. -9992.80957 -9992.7998 -9992.78027 -9992.74023 -9992.67969 -9992.58008
 -9992.42969 -9992.20996 -9991.88965 -9991.44043 -9990.79004 -9989.86035
 -9988.57031 -9986.66016 -9984.07031 -9980.12012 -9974.59961 -9966.28027
 -9953.67969 -9935.33008 -9904.84961 -9860.45996 -9785.37012 -9670.49023
 -9497.99023 -9298.83984
  26.5 -9991.44043 -9991.42969 -9991.41016 -9991.37012 -9991.30957 -9991.20996
 -9991.05957 -9990.84961 -9990.53027 -9990.08008 -9989.44043 -9988.50977
 -9987.23047 -9985.33008 -9982.74023 -9978.7998 -9973.2998 -9964.99023
 -9952.41016 -9934.07031 -9903.61035 -9859.24023 -9784.17969 -9669.32031
 -9496.84961 -9297.71973
  27. -9989.91992 -9989.91016 -9989.88965 -9989.86035 -9989.79004 -9989.7002
 -9989.5498 -9989.33984 -9989.03027 -9988.58008 -9987.94043 -9987.01953
 -9985.75 -9983.84961 -9981.28027 -9977.34961 -9971.86035 -9963.55957
 -9950.99023 -9932.67969 -9902.23047 -9857.88965 -9782.84961 -9668.01953
 -9495.58008 -9296.49023
  27.5 -9988.2998 -9988.29004 -9988.26953 -9988.24023 -9988.16992 -9988.08008
 -9987.94043 -9987.73047 -9987.41992 -9986.98047 -9986.33984 -9985.42969
 -9984.16992 -9982.28027 -9979.70996 -9975.79004 -9970.30957 -9962.04004
 -9949.48047 -9931.19043 -9900.75977 -9856.44043 -9781.42969 -9666.62988
 -9494.21973 -9295.16016
  28. -9986.55957 -9986.5498 -9986.54004 -9986.5 -9986.44043 -9986.34961
 -9986.20996 -9986. -9985.69043 -9985.25977 -9984.62988 -9983.71973 -9982.46973
 -9980.58984 -9978.03027 -9974.12988 -9968.66016 -9960.40039 -9947.87012
 -9929.58984 -9899.19043 -9854.88965 -9779.91016 -9665.13965 -9492.75977
 -9293.73047
  28.5 -9984.25977 -9984.25977 -9984.24023 -9984.20996 -9984.15039 -9984.05957
 -9983.91992 -9983.71973 -9983.41992 -9982.98047 -9982.36035 -9981.45996
 -9980.21973 -9978.34961 -9975.7998 -9971.91992 -9966.46973 -9958.23047
 -9945.71973 -9927.46973 -9897.09961 -9852.83008 -9777.88965 -9663.16016
 -9490.80957 -9291.83008
  29. -9981.41016 -9981.40039 -9981.38965 -9981.34961 -9981.2998 -9981.20996
 -9981.07031 -9980.87988 -9980.58008 -9980.16016 -9979.54004 -9978.65039
 -9977.41016 -9975.55957 -9973.03027 -9969.16016 -9963.74023 -9955.51953
 -9943.04004 -9924.82031 -9894.49023 -9850.25977 -9775.36035 -9660.67969
 -9488.38965 -9289.45996
  29.5 -9977.99023 -9977.99023 -9977.96973 -9977.94043 -9977.88965 -9977.80957
 -9977.66992 -9977.48047 -9977.19043 -9976.76953 -9976.16992 -9975.28027
 -9974.05957 -9972.21973 -9969.70996 -9965.86035 -9960.45996 -9952.26953
 -9939.83008 -9921.65039 -9891.36035 -9847.17969 -9772.33008 -9657.70996
 -9485.48047 -9286.62012
  30. -9974.01953 -9974.01953 -9974. -9973.98047 -9973.91992 -9973.83984
 -9973.70996 -9973.53027 -9973.24023 -9972.83008 -9972.24023 -9971.36035
 -9970.16016 -9968.33008 -9965.83984 -9962.01953 -9956.65039 -9948.49023
 -9936.08008 -9917.94043 -9887.7002 -9843.58008 -9768.7998 -9654.24023
 -9482.08984 -9283.30957
  30.5 -9969.5 -9969.49023 -9969.48047 -9969.4502 -9969.40039 -9969.32031
 -9969.2002 -9969.01953 -9968.74023 -9968.33984 -9967.75 -9966.88965 -9965.7002
 -9963.90039 -9961.42969 -9957.62988 -9952.29004 -9944.16992 -9931.7998
 -9913.71973 -9883.53027 -9839.48047 -9764.75977 -9650.28027 -9478.21973
 -9279.53027
  31. -9964.41016 -9964.40039 -9964.38965 -9964.37012 -9964.32031 -9964.25
 -9964.12012 -9963.9502 -9963.67969 -9963.29004 -9962.70996 -9961.87012
 -9960.69043 -9958.91016 -9956.46973 -9952.7002 -9947.38965 -9939.32031
 -9926.99023 -9908.95996 -9878.83984 -9834.86035 -9760.21973 -9645.83008
 -9473.86035 -9275.28027
  31.5 -9958.75977 -9958.75977 -9958.75 -9958.71973 -9958.67969 -9958.61035
 -9958.49023 -9958.33008 -9958.05957 -9957.67969 -9957.12012 -9956.29004
 -9955.12988 -9953.37012 -9950.95996 -9947.21973 -9941.95996 -9933.91992
 -9921.65039 -9903.69043 -9873.62988 -9829.73047 -9755.17969 -9640.87988
 -9469.03027 -9270.55957
  32. -9952.55957 -9952.55957 -9952.54004 -9952.51953 -9952.48047 -9952.41992
 -9952.30957 -9952.15039 -9951.88965 -9951.51953 -9950.96973 -9950.16016
 -9949.01953 -9947.29004 -9944.90039 -9941.20996 -9935.98047 -9927.99023
 -9915.78027 -9897.87988 -9867.90039 -9824.08008 -9749.62988 -9635.44043
 -9463.70996 -9265.37988
  32.5 -9946.11035 -9946.09961 -9946.08984 -9946.08008 -9946.04004 -9945.98047
 -9945.87012 -9945.71973 -9945.46973 -9945.12012 -9944.58008 -9943.79004
 -9942.66992 -9940.96973 -9938.61035 -9934.9502 -9929.76953 -9921.83984
 -9909.69043 -9891.86035 -9861.95996 -9818.23047 -9743.87988 -9629.80957
 -9458.17969 -9259.95996
  33. -9937.65039 -9937.65039 -9937.63965 -9937.62012 -9937.58984 -9937.53027
 -9937.44043 -9937.29004 -9937.05957 -9936.70996 -9936.19043 -9935.41992
 -9934.33008 -9932.65039 -9930.33984 -9926.71973 -9921.59961 -9913.73047
 -9901.66016 -9883.91016 -9854.11035 -9810.5 -9736.26953 -9622.34961
 -9450.86035 -9252.7998
  33.5 -9927.17969 -9927.17969 -9927.16992 -9927.16016 -9927.12988 -9927.08008
 -9926.99023 -9926.84961 -9926.62988 -9926.2998 -9925.7998 -9925.0498
 -9923.98047 -9922.33984 -9920.07031 -9916.5 -9911.44043 -9903.65039
 -9891.66992 -9874.00977 -9844.33984 -9800.86035 -9726.79004 -9613.0498
 -9441.75 -9243.88965
  34. -9914.7002 -9914.7002 -9914.69043 -9914.67969 -9914.65039 -9914.61035
 -9914.53027 -9914.40039 -9914.19043 -9913.87012 -9913.38965 -9912.66992
 -9911.63965 -9910.03027 -9907.80957 -9904.2998 -9899.30957 -9891.58984
 -9879.71973 -9862.17969 -9832.65039 -9789.33008 -9715.4502 -9601.91016
 -9430.83008 -9233.23047
  34.5 -9900.2002 -9900.2002 -9900.2002 -9900.19043 -9900.16992 -9900.12988
 -9900.0498 -9899.94043 -9899.74023 -9899.44043 -9898.98047 -9898.28027
 -9897.29004 -9895.73047 -9893.5498 -9890.11035 -9885.19043 -9877.58008
 -9865.80957 -9848.41992 -9819.04004 -9775.90039 -9702.23047 -9588.92969
 -9418.12988 -9220.82031
  35. -9883.7002 -9883.7002 -9883.69043 -9883.69043 -9883.66992 -9883.63965
 -9883.57031 -9883.45996 -9883.28027 -9882.99023 -9882.57031 -9881.88965
 -9880.92969 -9879.41992 -9877.2998 -9873.92969 -9869.09961 -9861.58984
 -9849.9502 -9832.70996 -9803.50977 -9760.58008 -9687.13965 -9574.11035
 -9403.62988 -9206.66016
  35.5 -9865.17969 -9865.17969 -9865.17969 -9865.17969 -9865.16016 -9865.13965
 -9865.08008 -9864.98047 -9864.80957 -9864.5498 -9864.13965 -9863.5 -9862.58008
 -9861.11035 -9859.05957 -9855.75977 -9851.03027 -9843.63965 -9832.12988
 -9815.05957 -9786.05957 -9743.36035 -9670.17969 -9557.4502 -9387.33008
 -9190.74023
  36. -9844.65039 -9844.65039 -9844.65039 -9844.65039 -9844.63965 -9844.62012
 -9844.57031 -9844.49023 -9844.33008 -9844.08984 -9843.70996 -9843.09961
 -9842.21973 -9840.80957 -9838.82031 -9835.61035 -9830.96973 -9823.70996
 -9812.36035 -9795.46973 -9766.69043 -9724.24023 -9651.36035 -9538.9502
 -9369.24023 -9173.08008
  36.5 -9822.09961 -9822.11035 -9822.11035 -9822.11035 -9822.11035 -9822.08984
 -9822.0498 -9821.98047 -9821.83984 -9821.62012 -9821.26953 -9820.69043
 -9819.86035 -9818.50977 -9816.58984 -9813.46973 -9808.94043 -9801.82031
 -9790.62988 -9773.9502 -9745.40039 -9703.23047 -9630.66016 -9518.61035
 -9349.34961 -9153.66016
  37. -9797.7998 -9797.7998 -9797.80957 -9797.82031 -9797.82031 -9797.80957
 -9797.78027 -9797.71973 -9797.61035 -9797.40039 -9797.08008 -9796.5498
 -9795.76953 -9794.48047 -9792.63965 -9789.62988 -9785.21973 -9778.25977
 -9767.25977 -9750.79004 -9722.50977 -9680.65039 -9608.4502 -9496.83008
 -9327.91992 -9132.66992
  37.5 -9767.75977 -9767.75977 -9767.76953 -9767.78027 -9767.79004 -9767.79004
 -9767.76953 -9767.71973 -9767.62012 -9767.44043 -9767.16016 -9766.66016
 -9765.92969 -9764.70996 -9762.95996 -9760.0498 -9755.79004 -9748.98047
 -9738.19043 -9721.95996 -9693.99023 -9652.49023 -9580.70996 -9469.59961
 -9301.16016 -9106.45996
  38. -9731.62012 -9731.62988 -9731.63965 -9731.65039 -9731.66016 -9731.66992
 -9731.65039 -9731.62012 -9731.54004 -9731.37988 -9731.12012 -9730.66992
 -9729.99023 -9728.83984 -9727.16992 -9724.37988 -9720.25977 -9713.62988
 -9703.07031 -9687.11035 -9659.48047 -9618.38965 -9547.09961 -9436.57031
 -9268.71973 -9074.70996
  38.5 -9689.38965 -9689.40039 -9689.41016 -9689.41992 -9689.42969 -9689.4502
 -9689.44043 -9689.41992 -9689.34961 -9689.20996 -9688.99023 -9688.57031
 -9687.9502 -9686.86035 -9685.29004 -9682.61035 -9678.63965 -9672.2002
 -9661.88965 -9646.23047 -9618.98047 -9578.33984 -9507.59961 -9397.71973
 -9230.59961 -9037.41016
  39. -9641.07031 -9641.07031 -9641.08008 -9641.09961 -9641.11035 -9641.12988
 -9641.12988 -9641.11035 -9641.05957 -9640.94043 -9640.74023 -9640.37012
 -9639.7998 -9638.78027 -9637.2998 -9634.75 -9630.92969 -9624.7002 -9614.65039
 -9599.32031 -9572.48047 -9532.33984 -9462.20996 -9353.05957 -9186.80957
 -8994.57031
  39.5 -9586.63965 -9586.65039 -9586.66016 -9586.67969 -9586.69043 -9586.70996
 -9586.71973 -9586.70996 -9586.66992 -9586.57031 -9586.40039 -9586.05957
 -9585.54004 -9584.59961 -9583.20996 -9580.79004 -9577.13965 -9571.12988
 -9561.36035 -9546.37988 -9519.99023 -9480.40039 -9410.94043 -9302.58984
 -9137.33984 -8946.19043
  40. -9526.12988 -9526.12988 -9526.13965 -9526.16016 -9526.16992 -9526.2002
 -9526.20996 -9526.2002 -9526.17969 -9526.08984 -9525.9502 -9525.65039
 -9525.17969 -9524.30957 -9523.01953 -9520.73047 -9517.25 -9511.48047
 -9501.99023 -9487.41016 -9461.50977 -9422.51953 -9353.79004 -9246.2998
 -9082.19043 -8892.26953
  40.5 -9459.51953 -9459.51953 -9459.53027 -9459.5498 -9459.55957 -9459.58008
 -9459.58984 -9459.59961 -9459.58008 -9459.50977 -9459.38965 -9459.12988
 -9458.70996 -9457.91992 -9456.73047 -9454.58008 -9451.28027 -9445.75977
 -9436.58008 -9422.41992 -9397.03027 -9358.69043 -9290.75977 -9184.20996
 -9021.37012 -8832.7998
  41. -9386.80957 -9386.80957 -9386.82031 -9386.83008 -9386.84961 -9386.87012
 -9386.87988 -9386.88965 -9386.87988 -9386.83008 -9386.73047 -9386.5
 -9386.13965 -9385.41992 -9384.33008 -9382.33008 -9379.20996 -9373.95996
 -9365.09961 -9351.38965 -9326.57031 -9288.91016 -9221.83984 -9116.2998
 -8954.86035 -8767.79004
  41.5 -9304.53027 -9304.53027 -9304.53027 -9304.5498 -9304.55957 -9304.58008
 -9304.58984 -9304.59961 -9304.59961 -9304.55957 -9304.49023 -9304.2998
 -9303.99023 -9303.36035 -9302.37012 -9300.53027 -9297.61035 -9292.65039
 -9284.16992 -9270.94043 -9246.75977 -9209.87012 -9143.80957 -9039.5498
 -8879.33008 -8693.73047
  42. -9211.13965 -9211.13965 -9211.13965 -9211.15039 -9211.16016 -9211.16992
 -9211.17969 -9211.19043 -9211.19043 -9211.15039 -9211.09961 -9210.94043
 -9210.66992 -9210.09961 -9209.21973 -9207.51953 -9204.79004 -9200.09961
 -9191.98047 -9179.20996 -9155.67969 -9119.58984 -9054.59961 -8951.75977
 -8792.87012 -8608.92969
  42.5 -9107.49023 -9107.49023 -9107.49023 -9107.5 -9107.49023 -9107.5 -9107.5
 -9107.5 -9107.49023 -9107.4502 -9107.40039 -9107.25 -9107.01953 -9106.5
 -9105.69043 -9104.11035 -9101.54004 -9097.09961 -9089.30957 -9076.98047
 -9054.08008 -9018.78027 -8954.88965 -8853.53027 -8696.23047 -8514.21973
  43. -8993.58008 -8993.58008 -8993.58008 -8993.58008 -8993.55957 -8993.5498
 -8993.54004 -8993.51953 -8993.5 -8993.44043 -8993.38965 -8993.24023
 -8993.01953 -8992.54004 -8991.79004 -8990.30957 -8987.87988 -8983.65039
 -8976.16992 -8964.25 -8941.95996 -8907.4502 -8844.67969 -8744.84961
 -8589.41016 -8409.58008
  43.5 -8869.41992 -8869.41992 -8869.40039 -8869.38965 -8869.36035 -8869.33984
 -8869.2998 -8869.25977 -8869.21973 -8869.13965 -8869.07031 -8868.91016
 -8868.69043 -8868.23047 -8867.50977 -8866.11035 -8863.7998 -8859.75 -8852.5498
 -8841.01953 -8819.30957 -8785.58008 -8723.96973 -8625.73047 -8472.41992
 -8295.04004
  44. -8734.99023 -8734.99023 -8734.96973 -8734.9502 -8734.90039 -8734.84961
 -8734.79004 -8734.71973 -8734.65039 -8734.54004 -8734.44043 -8734.25977
 -8734.01953 -8733.55957 -8732.86035 -8731.50977 -8729.2998 -8725.41016
 -8718.45996 -8707.29004 -8686.12988 -8653.19043 -8592.75 -8496.16992
 -8345.24023 -8170.56982
  44.5 -8590.30957 -8590.30957 -8590.28027 -8590.24023 -8590.16992 -8590.09961
 -8590.00977 -8589.90039 -8589.79004 -8589.63965 -8589.5 -8589.28027
 -8589.01953 -8588.54004 -8587.83984 -8586.53027 -8584.37988 -8580.62012
 -8573.87988 -8563.0498 -8542.42969 -8510.26953 -8451.04004 -8356.16992
 -8207.88965 -8036.18994
  45. -8435.37988 -8435.37012 -8435.32031 -8435.26953 -8435.16992 -8435.07031
 -8434.94043 -8434.7998 -8434.63965 -8434.44043 -8434.25 -8433.99023
 -8433.67969 -8433.16016 -8432.4502 -8431.13965 -8429.0498 -8425.37988
 -8418.83984 -8408.32031 -8388.2002 -8356.82031 -8298.82031 -8205.71973
 -8060.3501 -7891.8999
  45.5 -8270.17969 -8270.16992 -8270.11035 -8270.03027 -8269.91016 -8269.76953
 -8269.59961 -8269.41016 -8269.2002 -8268.9502 -8268.69043 -8268.37012
 -8267.99023 -8267.44043 -8266.69043 -8265.36035 -8263.2998 -8259.7002
 -8253.30957 -8243.08008 -8223.44043 -8192.84961 -8136.1001 -8044.83984
 -7902.64014 -7737.68994
  46. -8095.0498 -8095.04004 -8094.97021 -8094.85986 -8094.72021 -8094.52979
 -8094.31982 -8094.06982 -8093.79004 -8093.47021 -8093.14014 -8092.74023
 -8092.29004 -8091.6499 -8090.83008 -8089.45996 -8087.37012 -8083.79004
 -8077.49023 -8067.43994 -8048.18018 -8018.2002 -7962.6499 -7873.33984
 -7734.31006 -7573.
  46.5 -7912.75977 -7912.74023 -7912.6499 -7912.52002 -7912.33984 -7912.10986
 -7911.83984 -7911.52002 -7911.16016 -7910.75977 -7910.33984 -7909.83984
 -7909.27979 -7908.54004 -7907.60986 -7906.12988 -7903.93994 -7900.2998
 -7893.97021 -7883.95996 -7864.91016 -7835.31006 -7780.7998 -7693.47021
 -7557.66016 -7400.1499
  47. -7723.83008 -7723.81006 -7723.7002 -7723.54004 -7723.31982 -7723.04004
 -7722.7002 -7722.31006 -7721.87012 -7721.37012 -7720.83008 -7720.22021
 -7719.52979 -7718.6499 -7717.56982 -7715.93994 -7713.6001 -7709.81006
 -7703.35986 -7693.27979 -7674.31006 -7644.97021 -7591.37988 -7505.95996
 -7373.62988 -7220.18994
  47.5 -7528.27979 -7528.24023 -7528.12012 -7527.93018 -7527.66992 -7527.33008
 -7526.91992 -7526.43994 -7525.8999 -7525.29004 -7524.62988 -7523.87988
 -7523.02979 -7521.97998 -7520.70996 -7518.87988 -7516.33984 -7512.31982
 -7505.68018 -7495.39014 -7476.37012 -7447.16992 -7394.39014 -7310.81982
 -7182.22998 -7033.10986
  48. -7326.37012 -7326.31982 -7326.18994 -7325.95996 -7325.6499 -7325.25
 -7324.75977 -7324.18994 -7323.54004 -7322.7998 -7321.99023 -7321.08008
 -7320.0498 -7318.7998 -7317.31982 -7315.24023 -7312.43994 -7308.10986
 -7301.16992 -7290.56006 -7271.35986 -7242.10986 -7190. -7108.25 -6983.56982
 -6838.99023
  48.5 -7121.87012 -7121.81982 -7121.66016 -7121.3999 -7121.04004 -7120.56982
 -7119.99023 -7119.31982 -7118.56006 -7117.68994 -7116.72021 -7115.62988
 -7114.3999 -7112.91016 -7111.16992 -7108.7998 -7105.66016 -7100.97021
 -7093.62012 -7082.58008 -7063.04004 -7033.54004 -6981.97998 -6902.0498
 -6781.25977 -6641.27979
  49. -6916.00977 -6915.9502 -6915.75977 -6915.45996 -6915.04004 -6914.5
 -6913.83008 -6913.06006 -6912.16016 -6911.1499 -6910.00977 -6908.70996
 -6907.25 -6905.50977 -6903.47021 -6900.75977 -6897.22998 -6892.1001 -6884.25
 -6872.68018 -6852.68994 -6822.8501 -6771.75 -6693.58008 -6576.7998 -6441.52002
  49.5 -6708.75977 -6708.7002 -6708.49023 -6708.14014 -6707.66016 -6707.04004
 -6706.27979 -6705.39014 -6704.35986 -6703.18018 -6701.8501 -6700.33984
 -6698.62988 -6696.58984 -6694.22998 -6691.12012 -6687.14014 -6681.49023
 -6673.06982 -6660.85986 -6640.2998 -6610.02002 -6559.31982 -6482.85986
 -6370.18994 -6239.70996
  50. -6500.22998 -6500.1499 -6499.91016 -6499.52002 -6498.97998 -6498.27002
 -6497.41016 -6496.3999 -6495.22021 -6493.87012 -6492.33984 -6490.58008
 -6488.6001 -6486.24023 -6483.5 -6479.95996 -6475.47998 -6469.22998 -6460.16016
 -6447.2002 -6425.95996 -6395.12988 -6344.74023 -6269.93994 -6161.47021
 -6035.8999
  50.5 -6293.33008 -6293.24023 -6292.97998 -6292.54004 -6291.93018 -6291.1499
 -6290.18018 -6289.02979 -6287.7002 -6286.16016 -6284.41992 -6282.41016
 -6280.12988 -6277.43018 -6274.29004 -6270.27002 -6265.22998 -6258.33984
 -6248.52979 -6234.72998 -6212.75 -6181.2998 -6131.16992 -6058.04004
 -5953.62012 -5832.85986
  51. -6089.33984 -6089.24023 -6088.9502 -6088.47021 -6087.79004 -6086.91016
 -6085.83008 -6084.5498 -6083.06006 -6081.33008 -6079.35986 -6077.08008
 -6074.49023 -6071.43018 -6067.85986 -6063.33984 -6057.70996 -6050.12988
 -6039.54004 -6024.89014 -6002.12988 -5970.0498 -5920.20996 -5848.74023
 -5748.2998 -5632.29004
  51.5 -5888.25 -5888.14014 -5887.83008 -5887.29004 -5886.54004 -5885.58008
 -5884.37988 -5882.95996 -5881.29004 -5879.37012 -5877.16016 -5874.60986
 -5871.68994 -5868.24023 -5864.22021 -5859.16016 -5852.91992 -5844.60986
 -5833.20996 -5817.66992 -5794.12012 -5761.3999 -5711.8501 -5642.04004
 -5545.50977 -5434.16992
  52. -5690.06982 -5689.9502 -5689.60986 -5689.02002 -5688.2002 -5687.14014
 -5685.83008 -5684.25 -5682.41016 -5680.27979 -5677.81982 -5674.97998
 -5671.72021 -5667.85986 -5663.35986 -5657.75 -5650.83984 -5641.77979
 -5629.52979 -5613.06982 -5588.68994 -5555.33008 -5506.08984 -5437.95996
 -5345.25 -5238.50977
  52.5 -5496.12012 -5495.99023 -5495.62012 -5494.97998 -5494.08984 -5492.93018
 -5491.49023 -5489.77002 -5487.74023 -5485.39014 -5482.68018 -5479.52979
 -5475.91992 -5471.64014 -5466.6499 -5460.4502 -5452.87012 -5443.00977
 -5429.8999 -5412.49023 -5387.33008 -5353.41992 -5304.52002 -5237.99023
 -5149.04004 -5046.79004
  53. -5307.2998 -5307.16992 -5306.75977 -5306.06982 -5305.1001 -5303.83984
 -5302.27979 -5300.41016 -5298.2002 -5295.62988 -5292.6499 -5289.2002
 -5285.22998 -5280.52002 -5275.02979 -5268.24023 -5259.99023 -5249.35986
 -5235.3999 -5217.08008 -5191.18994 -5156.7998 -5108.2998 -5043.39014
 -4958.02002 -4860.08008
  53.5 -5123.56982 -5123.43018 -5122.97998 -5122.24023 -5121.18994 -5119.83984
 -5118.1499 -5116.12988 -5113.72998 -5110.93994 -5107.7002 -5103.93994
 -5099.6001 -5094.4502 -5088.45996 -5081.08984 -5072.16016 -5060.77002
 -5045.97998 -5026.81006 -5000.22998 -4965.41992 -4917.37012 -4854.10986
 -4772.14014 -4678.33984
  54. -4944.91016 -4944.75977 -4944.27979 -4943.47998 -4942.35986 -4940.91016
 -4939.08984 -4936.91992 -4934.33008 -4931.31006 -4927.81006 -4923.72998
 -4919.02002 -4913.4502 -4906.9502 -4898.99023 -4889.37988 -4877.24023
 -4861.64014 -4841.66016 -4814.45996 -4779.27979 -4731.74023 -4670.16016
 -4591.3999 -4501.56006
  54.5 -4771.6499 -4771.49023 -4770.97021 -4770.12988 -4768.93018 -4767.37012
 -4765.43018 -4763.1001 -4760.31982 -4757.08008 -4753.31006 -4748.91016
 -4743.83984 -4737.81982 -4730.81982 -4722.27002 -4711.99023 -4699.10986
 -4682.75 -4661.99023 -4634.25977 -4598.8501 -4551.89014 -4491.91992
 -4416.33984 -4330.33984
  55. -4604.04004 -4603.87012 -4603.33008 -4602.43018 -4601.1499 -4599.5
 -4597.43018 -4594.93994 -4591.97998 -4588.50977 -4584.47021 -4579.77002
 -4574.33008 -4567.89014 -4560.39014 -4551.27002 -4540.37012 -4526.77979
 -4509.70996 -4488.27002 -4460.08984 -4424.5498 -4378.22998 -4319.83984
 -4247.31982 -4165.
  55.5 -4442. -4441.81982 -4441.25 -4440.29004 -4438.93994 -4437.18994
 -4434.99023 -4432.35986 -4429.20996 -4425.52979 -4421.22998 -4416.22021
 -4410.41992 -4403.56982 -4395.58984 -4385.93018 -4374.43018 -4360.18994
 -4342.45996 -4320.41992 -4291.87012 -4256.27979 -4210.64014 -4153.8501
 -4084.18994 -4005.3501
  56. -4285.52979 -4285.33008 -4284.74023 -4283.72998 -4282.31006 -4280.45996
 -4278.14014 -4275.3501 -4272.02002 -4268.12012 -4263.56982 -4258.25977
 -4252.12012 -4244.85986 -4236.43018 -4226.25 -4214.16992 -4199.33008 -4181.
 -4158.43018 -4129.6001 -4094.04004 -4049.13989 -3993.95996 -3926.94995
 -3851.38989
  56.5 -4134.66016 -4134.4502 -4133.81982 -4132.75977 -4131.25977 -4129.31982
 -4126.87988 -4123.93994 -4120.43018 -4116.33008 -4111.52002 -4105.91992
 -4099.43994 -4091.79004 -4082.90991 -4072.23999 -4059.62012 -4044.23999
 -4025.37988 -4002.36011 -3973.3501 -3937.90991 -3893.79004 -3840.19995
 -3775.76001 -3703.34009
  57. -3989.12012 -3988.8999 -3988.25 -3987.13989 -3985.57007 -3983.53003
 -3980.97998 -3977.8999 -3974.20996 -3969.8999 -3964.8501 -3958.96997
 -3952.16992 -3944.1499 -3934.86011 -3923.72998 -3910.62012 -3894.72998
 -3875.41992 -3852.03003 -3822.91992 -3787.71997 -3744.42993 -3692.37012
 -3630.46997 -3561.1001
  57.5 -3848.79004 -3848.57007 -3847.87988 -3846.71997 -3845.09009 -3842.95996
 -3840.29004 -3837.07007 -3833.21997 -3828.70996 -3823.43994 -3817.29004
 -3810.17993 -3801.82007 -3792.13989 -3780.59009 -3767.03003 -3750.69995
 -3731.01001 -3707.34009 -3678.19995 -3643.28003 -3600.86011 -3550.32007
 -3490.79004 -3424.28003
  58. -3713.66992 -3713.42993 -3712.71997 -3711.52002 -3709.82007 -3707.6001
 -3704.83008 -3701.47998 -3697.46997 -3692.77002 -3687.28003 -3680.87988
 -3673.47998 -3664.79004 -3654.75 -3642.83008 -3628.86011 -3612.15991
 -3592.1499 -3568.26001 -3539.16992 -3504.6001 -3463.06006 -3414.05005
 -3356.70996 -3292.87988
  58.5 -3583.73999 -3583.5 -3582.75 -3581.51001 -3579.75 -3577.45996
 -3574.58008 -3571.1001 -3566.93994 -3562.06006 -3556.36011 -3549.71997
 -3542.06006 -3533.07007 -3522.69995 -3510.42993 -3496.11011 -3479.1001
 -3458.82007 -3434.80005 -3405.84009 -3371.65991 -3331.02002 -3283.51001
 -3228.23999 -3166.95996
  59. -3458.57007 -3458.32007 -3457.55005 -3456.27002 -3454.44995 -3452.07007
 -3449.09009 -3445.48999 -3441.18994 -3436.13989 -3430.25 -3423.38989
 -3415.46997 -3406.21997 -3395.55005 -3382.97998 -3368.36011 -3351.08008
 -3330.62012 -3306.54004 -3277.77002 -3244.07007 -3204.31006 -3158.16992
 -3105.05005 -3046.29004
  59.5 -3338.01001 -3337.76001 -3336.95996 -3335.63989 -3333.76001 -3331.31006
 -3328.22998 -3324.52002 -3320.08008 -3314.87988 -3308.81006 -3301.75
 -3293.6001 -3284.1001 -3273.16992 -3260.34009 -3245.45996 -3227.96997
 -3207.38989 -3183.32007 -3154.80005 -3121.6001 -3082.78003 -3038.03003
 -2986.87988 -2930.47998
  60. -3222.06006 -3221.80005 -3220.97998 -3219.62012 -3217.68994 -3215.16992
 -3212. -3208.17993 -3203.62012 -3198.27002 -3192.04004 -3184.79004 -3176.44995
 -3166.71997 -3155.56006 -3142.51001 -3127.41992 -3109.78003 -3089.13989
 -3065.12988 -3036.8999 -3004.27002 -2966.40991 -2923.07007 -2873.75
 -2819.55005
  60.5 -3110.59009 -3110.32007 -3109.47998 -3108.09009 -3106.1001 -3103.51001
 -3100.27002 -3096.3501 -3091.66992 -3086.18994 -3079.81006 -3072.38989
 -3063.87012 -3053.94995 -3042.6001 -3029.36011 -3014.11011 -2996.37012
 -2975.72998 -2951.84009 -2923.96997 -2891.92993 -2855.02002 -2813.01001
 -2765.51001 -2713.43994
  61. -3003.18994 -3002.90991 -3002.05005 -3000.62012 -2998.59009 -2995.93994
 -2992.62012 -2988.62012 -2983.83008 -2978.23999 -2971.70996 -2964.1499
 -2955.45996 -2945.37988 -2933.86011 -2920.47998 -2905.12012 -2887.32007
 -2866.71997 -2843.01001 -2815.52002 -2784.11011 -2748.12988 -2707.40991
 -2661.66992 -2611.65991
  61.5 -2899.82007 -2899.53003 -2898.65991 -2897.19995 -2895.12012 -2892.41992
 -2889.03003 -2884.93994 -2880.07007 -2874.36011 -2867.71997 -2860.03003
 -2851.19995 -2840.98999 -2829.34009 -2815.8501 -2800.40991 -2782.6001
 -2762.09009 -2738.6001 -2711.53003 -2680.75 -2645.72998 -2606.30005
 -2562.19995 -2514.11011
  62. -2800.46997 -2800.16992 -2799.29004 -2797.80005 -2795.68994 -2792.93994
 -2789.48999 -2785.33008 -2780.37012 -2774.57007 -2767.83008 -2760.02002
 -2751.08008 -2740.76001 -2729. -2715.44995 -2699.97998 -2682.20996 -2661.82007
 -2638.59009 -2611.96997 -2581.87012 -2547.81006 -2509.6499 -2467.09009
 -2420.81006
  62.5 -2704.83008 -2704.52002 -2703.62012 -2702.11011 -2699.95996 -2697.15991
 -2693.65991 -2689.43994 -2684.40991 -2678.52002 -2671.68994 -2663.80005
 -2654.76001 -2644.36011 -2632.53003 -2618.93994 -2603.46997 -2585.77002
 -2565.56006 -2542.62012 -2516.48999 -2487.05005 -2453.90991 -2416.93994
 -2375.93994 -2331.45996
  63. -2612.67993 -2612.37012 -2611.45996 -2609.92993 -2607.75 -2604.90991
 -2601.36011 -2597.08008 -2591.97998 -2586.03003 -2579.12988 -2571.15991
 -2562.06006 -2551.59009 -2539.71997 -2526.12012 -2510.67993 -2493.09009
 -2473.08008 -2450.46997 -2424.83008 -2396.08008 -2363.8501 -2328.06006
 -2288.54004 -2245.75
  63.5 -2524.04004 -2523.72998 -2522.81006 -2521.25 -2519.04004 -2516.16992
 -2512.58008 -2508.26001 -2503.11011 -2497.1001 -2490.13989 -2482.11011
 -2472.95996 -2462.45996 -2450.57007 -2436.98999 -2421.62012 -2404.15991
 -2384.38989 -2362.12988 -2337.01001 -2308.94995 -2277.6499 -2243.02002
 -2204.87012 -2163.66992
  64. -2438.81006 -2438.48999 -2437.56006 -2435.98999 -2433.76001 -2430.86011
 -2427.23999 -2422.87988 -2417.67993 -2411.62988 -2404.62988 -2396.56006
 -2387.37988 -2376.87012 -2364.98999 -2351.44995 -2336.17993 -2318.8999
 -2299.38989 -2277.51001 -2252.90991 -2225.55005 -2195.1499 -2161.62012
 -2124.83008 -2085.16992
  64.5 -2356.63989 -2356.33008 -2355.38989 -2353.80005 -2351.55005 -2348.62988
 -2344.97998 -2340.59009 -2335.36011 -2329.28003 -2322.23999 -2314.15991
 -2304.95996 -2294.45996 -2282.61011 -2269.1499 -2253.98999 -2236.8999
 -2217.67993 -2196.18994 -2172.13989 -2145.46997 -2115.93994 -2083.47998 -2048.
 -2009.83997
  65. -2277.51001 -2277.18994 -2276.25 -2274.6499 -2272.38989 -2269.44995
 -2265.78003 -2261.36011 -2256.12012 -2250.01001 -2242.95996 -2234.87012
 -2225.66992 -2215.19995 -2203.3999 -2190.03003 -2175.03003 -2158.1499
 -2139.22998 -2118.1499 -2094.63989 -2068.65991 -2039.98999 -2008.59998
 -1974.35999 -1937.59998
  65.5 -2201.41992 -2201.09009 -2200.13989 -2198.54004 -2196.27002 -2193.31006
 -2189.62988 -2185.19995 -2179.93994 -2173.82007 -2166.77002 -2158.68994
 -2149.51001 -2139.08008 -2127.36011 -2114.11011 -2099.27002 -2082.62988
 -2064.04004 -2043.38 -2020.42004 -1995.13 -1967.32996 -1936.95996 -1903.89001
 -1868.45996
  66. -2128.11011 -2127.79004 -2126.83008 -2125.21997 -2122.94995 -2119.97998
 -2116.29004 -2111.8501 -2106.59009 -2100.47998 -2093.42993 -2085.37012
 -2076.22998 -2065.87012 -2054.22998 -2041.10999 -2026.45996 -2010.07996
 -1991.81995 -1971.59998 -1949.19995 -1924.57996 -1897.59998 -1868.20996
 -1836.31995 -1802.19995
  66.5 -2057.43994 -2057.11011 -2056.1499 -2054.54004 -2052.26001 -2049.29004
 -2045.59998 -2041.16003 -2035.90002 -2029.80005 -2022.77002 -2014.75
 -2005.66003 -1995.37 -1983.83997 -1970.88 -1956.42004 -1940.30005 -1922.40002
 -1902.62 -1880.77002 -1856.82996 -1830.66003 -1802.20996 -1771.43994
 -1738.57996
  67. -1989.39001 -1989.06006 -1988.10999 -1986.48999 -1984.20996 -1981.25
 -1977.55005 -1973.12 -1967.88 -1961.80005 -1954.80005 -1946.81995 -1937.80005
 -1927.59998 -1916.18994 -1903.39001 -1889.15002 -1873.31995 -1855.77002
 -1836.43005 -1815.13 -1791.85999 -1766.48999 -1738.97998 -1709.26001
 -1677.57996
  67.5 -1923.91003 -1923.58997 -1922.63 -1921.02002 -1918.73999 -1915.78003
 -1912.09998 -1907.68005 -1902.45996 -1896.41003 -1889.44995 -1881.53003
 -1872.57996 -1862.48999 -1851.21997 -1838.59998 -1824.58997 -1809.05005
 -1791.87 -1772.96997 -1752.22998 -1729.60999 -1705.01001 -1678.40002
 -1649.70996 -1619.17004
  68. -1860.75 -1860.42004 -1859.46997 -1857.85999 -1855.58997 -1852.64001
 -1848.96997 -1844.56995 -1839.38 -1833.35999 -1826.45996 -1818.59998 -1809.75
 -1799.77002 -1788.64001 -1776.20996 -1762.43994 -1747.19995 -1730.39001
 -1711.94995 -1691.75 -1669.77002 -1645.92004 -1620.18005 -1592.48999
 -1563.06006
  68.5 -1799.85999 -1799.54004 -1798.58997 -1796.98999 -1794.71997 -1791.79004
 -1788.14001 -1783.77002 -1778.59998 -1772.63 -1765.79004 -1758.01001 -1749.25
 -1739.40002 -1728.43005 -1716.19995 -1702.68005 -1687.73999 -1671.31006
 -1653.31006 -1633.65002 -1612.30005 -1589.18994 -1564.29004 -1537.56006
 -1509.18005
  69. -1741.34998 -1741.04004 -1740.07996 -1738.48999 -1736.25 -1733.32996
 -1729.69995 -1725.35999 -1720.23999 -1714.31995 -1707.54004 -1699.84998
 -1691.18994 -1681.47998 -1670.68005 -1658.66003 -1645.39001 -1630.77002
 -1614.70996 -1597.16003 -1578.03003 -1557.30005 -1534.91003 -1510.83997 -1485.
 -1457.62
  69.5 -1684.81006 -1684.5 -1683.55005 -1681.97998 -1679.73999 -1676.84998
 -1673.25 -1668.93994 -1663.87 -1658.01001 -1651.31006 -1643.69995 -1635.17004
 -1625.58997 -1614.96997 -1603.17004 -1590.17004 -1575.85999 -1560.18005
 -1543.07996 -1524.47998 -1504.35999 -1482.66003 -1459.35999 -1434.43005
 -1408.04004
  70. -1630.30005 -1629.98999 -1629.05005 -1627.48999 -1625.27002 -1622.40002
 -1618.82996 -1614.56995 -1609.54004 -1603.75 -1597.12 -1589.62 -1581.20996
 -1571.78003 -1561.33997 -1549.76001 -1537.02002 -1523.03003 -1507.72998
 -1491.07996 -1472.98999 -1453.45996 -1432.43005 -1409.89001 -1385.83997
 -1360.39001
  70.5 -1577.71997 -1577.41003 -1576.47998 -1574.92004 -1572.72998 -1569.88
 -1566.34998 -1562.13 -1557.16003 -1551.43994 -1544.90002 -1537.5 -1529.20996
 -1519.94995 -1509.68994 -1498.33997 -1485.87 -1472.19995 -1457.27002
 -1441.05005 -1423.47998 -1404.52002 -1384.15002 -1362.34998 -1339.13
 -1314.57996
  71. -1527.05005 -1526.75 -1525.82996 -1524.29004 -1522.10999 -1519.30005
 -1515.80005 -1511.63 -1506.72998 -1501.06995 -1494.63 -1487.33997 -1479.18005
 -1470.07996 -1460.02002 -1448.90002 -1436.69995 -1423.33997 -1408.79004
 -1393.01001 -1375.92004 -1357.54004 -1337.81995 -1316.73999 -1294.29004
 -1270.60999
  71.5 -1478.43994 -1478.13 -1477.21997 -1475.69995 -1473.55005 -1470.76001
 -1467.31006 -1463.18994 -1458.34998 -1452.78003 -1446.43005 -1439.26001
 -1431.23999 -1422.31006 -1412.43994 -1401.55005 -1389.62 -1376.58997
 -1362.41003 -1347.05005 -1330.44995 -1312.62 -1293.53003 -1273.15002
 -1251.44995 -1228.57996
  72. -1431.28003 -1430.97998 -1430.07996 -1428.57996 -1426.44995 -1423.69995
 -1420.30005 -1416.22998 -1411.45996 -1405.96997 -1399.71997 -1392.67004
 -1384.80005 -1376.03003 -1366.35999 -1355.70996 -1344.06006 -1331.34998
 -1317.54004 -1302.58997 -1286.47998 -1269.18994 -1250.68994 -1230.97998
 -1210.03003 -1187.96997
  72.5 -1385.84998 -1385.56006 -1384.67004 -1383.18005 -1381.07996 -1378.37
 -1375.01001 -1371. -1366.30005 -1360.90002 -1354.75 -1347.82996 -1340.09998
 -1331.51001 -1322.04004 -1311.63 -1300.25 -1287.84998 -1274.40002 -1259.87
 -1244.22998 -1227.45996 -1209.55005 -1190.47998 -1170.25 -1148.95996
  73. -1342.03003 -1341.73999 -1340.85999 -1339.39001 -1337.32996 -1334.65002
 -1331.33997 -1327.39001 -1322.77002 -1317.44995 -1311.41003 -1304.60999
 -1297.03003 -1288.62 -1279.34998 -1269.17004 -1258.06006 -1245.97998
 -1232.89001 -1218.77002 -1203.57996 -1187.31995 -1169.97998 -1151.53003
 -1131.98999 -1111.44995
  73.5 -1299.81006 -1299.53003 -1298.66003 -1297.21997 -1295.18005 -1292.54004
 -1289.29004 -1285.40002 -1280.84998 -1275.63 -1269.69995 -1263.03003
 -1255.59998 -1247.35999 -1238.29004 -1228.34998 -1217.52002 -1205.73999 -1193.
 -1179.28003 -1164.54004 -1148.78003 -1131.98999 -1114.16003 -1095.27002
 -1075.43005
  74. -1259.10999 -1258.82996 -1257.97998 -1256.56006 -1254.55005 -1251.95996
 -1248.75 -1244.93005 -1240.45996 -1235.32996 -1229.51001 -1222.96997
 -1215.68994 -1207.63 -1198.77002 -1189.06995 -1178.5 -1167.03003 -1154.64001
 -1141.30005 -1127. -1111.72998 -1095.46997 -1078.21997 -1059.96997 -1040.82996
  74.5 -1219.78003 -1219.5 -1218.67004 -1217.26001 -1215.29004 -1212.73999
 -1209.58997 -1205.82996 -1201.43994 -1196.41003 -1190.69995 -1184.29004
 -1177.17004 -1169.28003 -1160.63 -1151.16003 -1140.85999 -1129.68994
 -1117.64001 -1104.68005 -1090.81006 -1076. -1060.26001 -1043.56995 -1025.94995
 -1007.46997
  75. -1181.81995 -1181.54004 -1180.71997 -1179.33997 -1177.40002 -1174.89001
 -1171.79004 -1168.10999 -1163.80005 -1158.85999 -1153.27002 -1146.98999
 -1140.02002 -1132.31006 -1123.85999 -1114.62 -1104.57996 -1093.71997
 -1081.98999 -1069.42004 -1055.94995 -1041.60999 -1026.37 -1010.22998
 -993.198975 -975.359009
  75.5 -1145.21997 -1144.94995 -1144.14001 -1142.78003 -1140.88 -1138.41003
 -1135.37 -1131.75 -1127.53003 -1122.68994 -1117.20996 -1111.06995 -1104.25
 -1096.71997 -1088.46997 -1079.45996 -1069.68005 -1059.10999 -1047.71997
 -1035.5 -1022.44 -1008.53998 -993.788025 -978.184021 -961.719971 -944.487976
  76. -1109.93005 -1109.67004 -1108.87 -1107.54004 -1105.67004 -1103.25
 -1100.27002 -1096.71997 -1092.57996 -1087.83997 -1082.47998 -1076.46997
 -1069.81006 -1062.44995 -1054.40002 -1045.62 -1036.09998 -1025.81006
 -1014.73999 -1002.88 -990.216003 -976.744019 -962.463013 -947.369019
 -931.458984 -914.817993
  76.5 -1075.81995 -1075.56006 -1074.78003 -1073.47998 -1071.64001 -1069.27002
 -1066.33997 -1062.85999 -1058.81006 -1054.17004 -1048.92004 -1043.04004
 -1036.53003 -1029.35999 -1021.51001 -1012.95001 -1003.67999 -993.672974
 -982.916016 -971.403992 -959.122009 -946.067993 -932.242004 -917.640991
 -902.268005 -886.198975
  77. -1042.88 -1042.62 -1041.84998 -1040.56995 -1038.77002 -1036.44995
 -1033.57996 -1030.17004 -1026.19995 -1021.65997 -1016.53003 -1010.78998
 -1004.42999 -997.424011 -989.77002 -981.434998 -972.411987 -962.682007
 -952.232971 -941.059021 -929.148987 -916.500977 -903.117981 -888.994995
 -874.138 -858.617004
  77.5 -1011.09003 -1010.84003 -1010.09003 -1008.84003 -1007.07001 -1004.78998
 -1001.97998 -998.645996 -994.758972 -990.315002 -985.299011 -979.692993
 -973.486023 -966.655029 -959.195007 -951.078003 -942.299011 -932.840027
 -922.690979 -911.846985 -900.297974 -888.044983 -875.09198 -861.432983
 -847.067993 -832.073975
  78. -980.450989 -980.205994 -979.468994 -978.237976 -976.507996 -974.276001
 -971.528015 -968.260986 -964.458984 -960.11499 -955.213989 -949.741028
 -943.684021 -937.023987 -929.755005 -921.853027 -913.312012 -904.119019
 -894.263 -883.73999 -872.54303 -860.671997 -848.133972 -834.921997 -821.033997
 -806.546997
  78.5 -950.81897 -950.580017 -949.856995 -948.651978 -946.958008 -944.771973
 -942.083008 -938.888 -935.169983 -930.924988 -926.138977 -920.796021 -914.888
 -908.395996 -901.315002 -893.624023 -885.317017 -876.383972 -866.814026
 -856.604004 -845.749023 -834.249023 -822.109985 -809.328003 -795.906006
 -781.911987
  79. -922.18103 -921.945984 -921.239014 -920.059021 -918.401001 -916.262024
 -913.630981 -910.507019 -906.875 -902.72699 -898.054016 -892.841003
 -887.080017 -880.752991 -873.857971 -866.372986 -858.296021 -849.616028
 -840.325012 -830.421021 -819.89801 -808.757996 -797.007019 -784.640991
 -771.666016 -758.145996
  79.5 -894.536011 -894.30603 -893.614014 -892.460022 -890.838013 -888.745972
 -886.174011 -883.120972 -879.572021 -875.521973 -870.960022 -865.875
 -860.258972 -854.096008 -847.382019 -840.101013 -832.247986 -823.815979
 -814.796997 -805.189026 -794.989014 -784.197998 -772.822998 -760.862
 -748.315002 -735.249023
  80. -867.874023 -867.64801 -866.973022 -865.843994 -864.258972 -862.213013
 -859.700012 -856.71698 -853.250977 -849.297974 -844.846008 -839.888977
 -834.416016 -828.413025 -821.879028 -814.796021 -807.164001 -798.973999
 -790.218994 -780.898987 -771.012024 -760.559021 -749.547974 -737.976013
 -725.84198 -713.213013
  80.5 -842.088989 -841.867981 -841.208008 -840.104004 -838.554016 -836.55603
 -834.099976 -831.187012 -827.804016 -823.945984 -819.60498 -814.770996
 -809.439026 -803.594971 -797.236023 -790.348999 -782.932007 -774.97699
 -766.47998 -757.440002 -747.856995 -737.72998 -727.070007 -715.872986
 -704.142029 -691.939026
  81. -817.151978 -816.935974 -816.291016 -815.211975 -813.697998 -811.744995
 -809.346985 -806.502991 -803.200989 -799.439026 -795.205017 -790.494995
 -785.301025 -779.612 -773.424988 -766.729004 -759.521973 -751.796021
 -743.549988 -734.78302 -725.494019 -715.684998 -705.36499 -694.531006
 -683.189026 -671.393982
  81.5 -793.064026 -792.853027 -792.223022 -791.16803 -789.689026 -787.781982
 -785.440979 -782.664978 -779.44397 -775.776001 -771.64801 -767.059021
 -762.000977 -756.463989 -750.445007 -743.935974 -736.934021 -729.432007
 -721.43103 -712.927979 -703.926025 -694.424011 -684.434021 -673.952026
 -662.981018 -651.580017
  82. -769.822021 -769.61499 -768.999023 -767.969971 -766.526001 -764.664001
 -762.379028 -759.669983 -756.528992 -752.953979 -748.93103 -744.460999
 -739.536987 -734.14801 -728.294006 -721.968018 -715.166016 -707.882019
 -700.119019 -691.872986 -683.14801 -673.94397 -664.271973 -654.130981
 -643.517029 -632.492981
  82.5 -747.34198 -747.140015 -746.539001 -745.534973 -744.124023 -742.307983
 -740.078979 -737.437012 -734.374023 -730.887024 -726.969971 -722.616028
 -717.823975 -712.580994 -706.888 -700.73999 -694.132019 -687.062988
 -679.530029 -671.533997 -663.078003 -654.163025 -644.797974 -634.97998
 -624.718018 -614.062012
  83. -725.588013 -725.390991 -724.804016 -723.823975 -722.447998 -720.676025
 -718.502014 -715.924988 -712.940002 -709.541016 -705.72699 -701.487
 -696.822998 -691.723022 -686.189026 -680.215027 -673.794983 -666.934998
 -659.625 -651.872986 -643.677979 -635.041992 -625.974976 -616.471008
 -606.546997 -596.244995
  83.5 -704.559021 -704.367981 -703.794006 -702.838989 -701.495972 -699.768005
 -697.648987 -695.137024 -692.228027 -688.914001 -685.200989 -681.072998
 -676.536011 -671.575989 -666.195007 -660.390991 -654.156006 -647.497986
 -640.406006 -632.890015 -624.947998 -616.583008 -607.804016 -598.604004
 -589.004028 -579.04303
  84. -684.297974 -684.112 -683.549988 -682.619995 -681.309998 -679.625977
 -677.559998 -675.111023 -672.276978 -669.047974 -665.434021 -661.414978
 -657.000977 -652.177002 -646.945984 -641.307983 -635.252014 -628.791016
 -621.909973 -614.622986 -606.924988 -598.822021 -590.320984 -581.413025
 -572.124023 -562.489014
  84.5 -664.632019 -664.452026 -663.903992 -662.994019 -661.718994 -660.075989
 -658.062988 -655.677979 -652.916016 -649.775024 -646.252991 -642.344971
 -638.049011 -633.359985 -628.278015 -622.797974 -616.921997 -610.64801
 -603.97699 -596.908997 -589.450989 -581.60199 -573.370972 -564.755005
 -555.757019 -546.434021
  85. -645.619019 -645.442993 -644.908997 -644.018982 -642.778992 -641.176025
 -639.215027 -636.892029 -634.200012 -631.145996 -627.713989 -623.914001
 -619.734009 -615.176025 -610.237976 -604.914001 -599.211975 -593.119019
 -586.651978 -579.796997 -572.570007 -564.968994 -556.999023 -548.664978
 -539.947021 -530.922974
  85.5 -627.215027 -627.044006 -626.525024 -625.653992 -624.447021 -622.88501
 -620.973999 -618.713013 -616.090027 -613.120972 -609.776978 -606.083008
 -602.015015 -597.585022 -592.786987 -587.614014 -582.083984 -576.166016
 -569.896973 -563.247986 -556.245972 -548.883972 -541.166992 -533.106995
 -524.656982 -515.921997
  86. -609.422974 -609.255981 -608.75 -607.898987 -606.724976 -605.200989
 -603.341003 -601.140015 -598.583984 -595.698975 -592.440002 -588.849976
 -584.892029 -580.586975 -575.926025 -570.901001 -565.536987 -559.789001
 -553.713013 -547.262024 -540.478027 -533.348022 -525.877014 -518.083008
 -509.890015 -501.431
  86.5 -592.281982 -592.119995 -591.627991 -590.794983 -589.653992 -588.169006
 -586.356995 -584.215027 -581.724976 -578.921021 -575.744995 -572.257019
 -568.406006 -564.221985 -559.695007 -554.810974 -549.609985 -544.026001
 -538.137024 -531.879028 -525.304993 -518.39801 -511.164001 -503.626007
 -495.678009 -487.484985
  87. -577.192993 -577.034973 -576.55603 -575.744995 -574.632019 -573.184021
 -571.419006 -569.330994 -566.906006 -564.174011 -561.083008 -557.684998
 -553.935974 -549.864014 -545.458008 -540.708008 -535.64502 -530.21698
 -524.489014 -518.406006 -512.015991 -505.304993 -498.277008 -490.95401
 -483.243988 -475.292999
  87.5 -562.424988 -562.270996 -561.804016 -561.015015 -559.929016 -558.518982
 -556.799011 -554.765015 -552.403992 -549.73999 -546.732971 -543.422974
 -539.775024 -535.812012 -531.523987 -526.903992 -521.979004 -516.703003
 -511.132996 -505.221985 -499.011993 -492.490997 -485.665009 -478.552002
 -471.074005 -463.360992
  88. -547.935974 -547.786011 -547.330017 -546.562988 -545.504028 -544.130981
 -542.455994 -540.473999 -538.174988 -535.580017 -532.653992 -529.43103
 -525.882019 -522.026001 -517.85498 -513.362976 -508.571991 -503.445007
 -498.029999 -492.287994 -486.255005 -479.92099 -473.291992 -466.384003
 -459.134003 -451.653015
  88.5 -533.726013 -533.578979 -533.13501 -532.388977 -531.356995 -530.020996
 -528.388 -526.458008 -524.221008 -521.692993 -518.846985 -515.708984
 -512.257996 -508.506012 -504.449005 -500.082001 -495.423004 -490.442993
 -485.179993 -479.602997 -473.743011 -467.59201 -461.15799 -454.451996
 -447.424011 -440.17099
  89. -519.794006 -519.651001 -519.218994 -518.494019 -517.487976 -516.187012
 -514.596985 -512.718018 -510.540985 -508.07901 -505.311005 -502.257996
 -498.901001 -495.252014 -491.308014 -487.063995 -482.533997 -477.696991
 -472.583008 -467.167999 -461.477997 -455.506989 -449.263 -442.753998 -435.944
 -428.912994
  89.5 -506.141998 -506.002014 -505.580994 -504.876007 -503.895996 -502.630005
 -501.083008 -499.252991 -497.13501 -494.738007 -492.046997 -489.075989
 -485.812012 -482.265015 -478.429993 -474.306 -469.903992 -465.207001
 -460.239014 -454.983002 -449.459991 -443.664001 -437.605988 -431.290985
 -424.694 -417.881012
  90. -492.768005 -492.631989 -492.221985 -491.536987 -490.582001 -489.350006
 -487.843994 -486.062988 -484.002991 -481.670013 -479.053986 -476.164001
 -472.992004 -469.542999 -465.816986 -461.811005 -457.53299 -452.973999
 -448.148987 -443.048004 -437.687988 -432.063995 -426.187988 -420.062012
 -413.674011 -407.072998
  90.5 -479.673004 -479.540985 -479.140991 -478.476013 -477.54599 -476.346985
 -474.881989 -473.148987 -471.144989 -468.873993 -466.332001 -463.522003
 -460.438995 -457.088013 -453.46701 -449.576996 -445.420013 -440.996002
 -436.311005 -431.363007 -426.161987 -420.707001 -415.009003 -409.069
 -402.882996 -396.48999
  91. -466.855988 -466.727997 -466.338989 -465.692993 -464.786987 -463.622009
 -462.196014 -460.51001 -458.562012 -456.35199 -453.882996 -451.149994
 -448.154999 -444.898987 -441.381012 -437.604004 -433.566986 -429.273987
 -424.72699 -419.928009 -414.882996 -409.592987 -404.067993 -398.309998
 -392.321991 -386.132996
  91.5 -454.319 -454.194 -453.81601 -453.187988 -452.306 -451.173004
 -449.786011 -448.145996 -446.252991 -444.102997 -441.70401 -439.046997
 -436.139008 -432.976013 -429.55899 -425.893005 -421.972992 -417.80899
 -413.395996 -408.742004 -403.850006 -398.721008 -393.367004 -387.785004
 -381.992004 -376.
  92. -442.059998 -441.937988 -441.570007 -440.960999 -440.102997 -439.001007
 -437.652008 -436.057007 -434.217987 -432.127014 -429.796997 -427.214996
 -424.390991 -421.319 -418.001007 -414.442993 -410.638 -406.600006 -402.317993
 -397.806 -393.062988 -388.09201 -382.903992 -377.496002 -371.890991 -366.09201
  92.5 -430.079987 -429.962006 -429.604004 -429.013 -428.177002 -427.105988
 -425.795013 -424.243988 -422.457001 -420.424011 -418.161987 -415.653015
 -412.911011 -409.928009 -406.708008 -403.255005 -399.562012 -395.645996
 -391.493988 -387.121002 -382.52301 -377.704987 -372.679993 -367.44101
 -362.019012 -356.410004
  93. -418.378998 -418.264008 -417.915985 -417.34201 -416.528992 -415.489014
 -414.213989 -412.705994 -410.970001 -408.993988 -406.798004 -404.360992
 -401.699005 -398.803009 -395.678009 -392.32901 -388.744995 -384.949005
 -380.921997 -376.684998 -372.229004 -367.562012 -362.694 -357.621002
 -352.377991 -346.951996
  93.5 -406.957001 -406.845001 -406.506989 -405.950012 -405.158997 -404.14801
 -402.908997 -401.444 -399.757996 -397.837006 -395.704987 -393.338013
 -390.755005 -387.945007 -384.911987 -381.664001 -378.187012 -374.507996
 -370.604004 -366.497986 -362.181 -357.661011 -352.947998 -348.035004
 -342.96701 -337.718994
  94. -395.813995 -395.704987 -395.376007 -394.834991 -394.06601 -393.084015
 -391.881012 -390.457001 -388.819 -386.953003 -384.884003 -382.585999
 -380.07901 -377.35199 -374.410004 -371.26001 -367.888 -364.322998 -360.539001
 -356.562012 -352.380005 -348.002991 -343.440002 -338.684998 -333.785004
 -328.712006
  94.5 -384.949005 -384.842987 -384.523987 -383.998993 -383.251007 -382.298004
 -381.127991 -379.744995 -378.154999 -376.342987 -374.334991 -372.102997
 -369.67099 -367.026001 -364.171997 -361.118011 -357.847992 -354.394989
 -350.72699 -346.875 -342.825989 -338.587006 -334.17099 -329.567993 -324.833008
 -319.928986
  95. -374.363007 -374.260986 -373.950012 -373.44101 -372.713989 -371.787994
 -370.652008 -369.30899 -367.765015 -366.005005 -364.057007 -361.890991
 -359.532013 -356.964996 -354.196991 -351.237 -348.066986 -344.721985
 -341.167999 -337.438995 -333.516998 -329.414001 -325.140991 -320.687012
 -316.110992 -311.371002
  95.5 -364.057007 -363.957001 -363.654999 -363.161011 -362.454987 -361.554993
 -360.451996 -359.14801 -357.649994 -355.940002 -354.049988 -351.947998
 -349.660004 -347.17099 -344.487 -341.618011 -338.545013 -335.304993 -331.862
 -328.252014 -324.454987 -320.484009 -316.350006 -312.040009 -307.618988
 -303.037994
  96. -354.028015 -353.931 -353.638 -353.158997 -352.472992 -351.600006
 -350.528015 -349.261993 -347.808014 -346.14801 -344.315002 -342.274994
 -340.057007 -337.643005 -335.040985 -332.260986 -329.282013 -326.144989
 -322.809998 -319.315002 -315.640015 -311.796997 -307.796997 -303.628998
 -299.356995 -294.929993
  96.5 -344.278992 -344.184998 -343.899994 -343.434998 -342.769012 -341.92099
 -340.881012 -339.651001 -338.240997 -336.628998 -334.85199 -332.872009
 -330.721008 -328.381012 -325.859009 -323.165009 -320.278992 -317.23999
 -314.01001 -310.627014 -307.071014 -303.35199 -299.483002 -295.450989
 -291.324005 -287.046997
  97. -334.80899 -334.71701 -334.440002 -333.98999 -333.34201 -332.519012
 -331.51001 -330.31601 -328.946991 -327.382996 -325.660004 -323.73999
 -321.653992 -319.38501 -316.940002 -314.330994 -311.533997 -308.59201
 -305.463989 -302.190002 -298.747986 -295.149994 -291.40799 -287.509003
 -283.522003 -279.389008
  97.5 -325.617004 -325.528015 -325.259003 -324.821991 -324.192993 -323.394989
 -322.415009 -321.256012 -319.928009 -318.411011 -316.739014 -314.877014
 -312.855011 -310.656006 -308.286011 -305.757996 -303.048004 -300.200012
 -297.17099 -294.002014 -290.671997 -287.19101 -283.571991 -279.800995
 -275.949005 -271.955994
  98. -316.70401 -316.618011 -316.356995 -315.933014 -315.321991 -314.546997
 -313.596008 -312.471985 -311.18399 -309.710999 -308.089996 -306.283997
 -304.324005 -302.191986 -299.895996 -297.446014 -294.821014 -292.063995
 -289.131012 -286.065002 -282.84201 -279.473999 -275.973999 -272.328003
 -268.605988 -264.747986
  98.5 -308.070007 -307.985992 -307.733002 -307.321991 -306.729004 -305.97699
 -305.053986 -303.963013 -302.713013 -301.283997 -299.712006 -297.960999
 -296.061005 -293.993988 -291.769012 -289.395996 -286.854004 -284.18399
 -281.343994 -278.377014 -275.257996 -272.001007 -268.615997 -265.089996
 -261.493011 -257.765015
  99. -299.714996 -299.634003 -299.388 -298.988007 -298.412994 -297.683014
 -296.787994 -295.729004 -294.515991 -293.131012 -291.605988 -289.90799
 -288.06601 -286.062988 -283.907013 -281.608002 -279.144989 -276.559998
 -273.811005 -270.938995 -267.92099 -264.769989 -261.496002 -258.085999
 -254.610001 -251.007004
  99.5 -291.639008 -291.559998 -291.321014 -290.933014 -290.375 -289.666992
 -288.798004 -287.769989 -286.593994 -285.25 -283.772003 -282.125 -280.338989
 -278.39801 -276.308014 -274.080994 -271.695007 -269.191986 -266.531006
 -263.751007 -260.829987 -257.781006 -254.613998 -251.317001 -247.955994
 -244.473999
  100. -283.841003 -283.765015 -283.53299 -283.156006 -282.61499 -281.927002
 -281.084015 -280.087006 -278.946014 -277.641998 -276.209015 -274.612
 -272.880005 -270.998993 -268.973999 -266.81601 -264.505005 -262.079987
 -259.502991 -256.812012 -253.985992 -251.035995 -247.972 -244.783005
 -241.533005 -238.166
  100.5 -276.322998 -276.247986 -276.02301 -275.65799 -275.131989 -274.464996
 -273.645996 -272.678986 -271.571991 -270.308014 -268.916992 -267.368011
 -265.690002 -263.865997 -261.903015 -259.812012 -257.572998 -255.223999
 -252.729004 -250.123993 -247.388 -244.533005 -241.567993 -238.483002
 -235.339005 -232.082993
  101. -269.083008 -269.01001 -268.791992 -268.437012 -267.927002 -267.278992
 -266.484985 -265.546997 -264.471985 -263.246002 -261.897003 -260.394989
 -258.766998 -256.998993 -255.095993 -253.070007 -250.901001 -248.625
 -246.207993 -243.684998 -241.035995 -238.272995 -235.404007 -232.417999
 -229.375 -226.225006
  101.5 -262.122009 -262.050995 -261.839996 -261.493988 -260.998993 -260.371002
 -259.600006 -258.690002 -257.647003 -256.457001 -255.147995 -253.692001
 -252.113007 -250.397995 -248.554001 -246.589005 -244.487 -242.281998
 -239.940994 -237.496002 -234.931 -232.255005 -229.477997 -226.587997
 -223.641006 -220.591995
  102. -255.438995 -255.371002 -255.166 -254.830002 -254.350006 -253.738998
 -252.990997 -252.108002 -251.095993 -249.942001 -248.671005 -247.257996
 -245.725998 -244.063004 -242.274994 -240.369995 -238.332993 -236.194
 -233.925995 -231.557007 -229.072006 -226.479996 -223.789993 -220.992996
 -218.136993 -215.182999
  102.5 -249.035995 -248.970001 -248.770004 -248.444 -247.977997 -247.384995
 -246.658997 -245.800995 -244.817993 -243.699005 -242.464996 -241.095001
 -239.608002 -237.994995 -236.259995 -234.412003 -232.436996 -230.363007
 -228.164993 -225.867996 -223.460007 -220.947998 -218.341995 -215.632004
 -212.863007 -210.
  103. -242.910995 -242.847 -242.653 -242.335007 -241.884003 -241.307007
 -240.602005 -239.770004 -238.815002 -237.729996 -236.531006 -235.201004
 -233.757996 -232.192001 -230.509003 -228.716003 -226.800995 -224.787994
 -222.656998 -220.427994 -218.093994 -215.658997 -213.132004 -210.505997
 -207.817993 -205.042007
  103.5 -237.065002 -237.003006 -236.815002 -236.505005 -236.067001 -235.507004
 -234.822006 -234.014008 -233.087006 -232.033005 -230.867996 -229.578003
 -228.175995 -226.656006 -225.022003 -223.281006 -221.423996 -219.468994
 -217.401993 -215.238998 -212.973999 -210.612 -208.160995 -205.615005
 -203.003998 -200.309006
  104. -231.498001 -231.438004 -231.255005 -230.953003 -230.528 -229.983994
 -229.319 -228.533997 -227.632004 -226.610001 -225.477005 -224.223999 -222.862
 -221.386002 -219.798996 -218.108002 -216.304993 -214.406006 -212.399994
 -210.298996 -208.100998 -205.807999 -203.429001 -200.957993 -198.419006
 -195.800003
  104.5 -226.210007 -226.151993 -225.973999 -225.679993 -225.266998 -224.737
 -224.091003 -223.328003 -222.451996 -221.459 -220.356995 -219.141006
 -217.815994 -216.382004 -214.839996 -213.195999 -211.445999 -209.598999
 -207.651001 -205.608994 -203.473999 -201.246994 -198.936005 -196.535995
 -194.063995 -191.516998
  105. -221.201004 -221.143997 -220.970993 -220.684006 -220.283005 -219.768005
 -219.139999 -218.397995 -217.544998 -216.582001 -215.507996 -214.326996
 -213.037994 -211.643997 -210.145004 -208.546005 -206.845993 -205.048004
 -203.154999 -201.169006 -199.093002 -196.929001 -194.681 -192.348999
 -189.938995 -187.459
  105.5 -216.470001 -216.414993 -216.246994 -215.966003 -215.578003 -215.076004
 -214.464005 -213.744003 -212.912994 -211.977997 -210.932007 -209.783005
 -208.528 -207.171997 -205.714005 -204.156998 -202.505005 -200.753998
 -198.912994 -196.979004 -194.959 -192.852997 -190.664993 -188.397003
 -186.044006 -183.625
  106. -212.018997 -211.964996 -211.802002 -211.526993 -211.149002 -210.660004
 -210.065994 -209.365005 -208.554993 -207.645996 -206.626007 -205.509003
 -204.287003 -202.966003 -201.546997 -200.029999 -198.421997 -196.714996
 -194.923996 -193.039001 -191.070999 -189.020004 -186.888 -184.679001
 -182.378006 -180.016998
  106.5 -207.845993 -207.794006 -207.634995 -207.365005 -206.998993 -206.522003
 -205.942993 -205.261002 -204.472 -203.587997 -202.591995 -201.505005
 -200.313004 -199.026993 -197.643997 -196.164001 -194.598999 -192.932999
 -191.188004 -189.348007 -187.429993 -185.429993 -183.350006 -181.195999
 -178.942993 -176.634003
  107. -203.951996 -203.901001 -203.746002 -203.481995 -203.126007 -202.660995
 -202.097 -201.432007 -200.662003 -199.802994 -198.830002 -197.770996
 -196.608002 -195.352997 -194.005005 -192.559998 -191.035004 -189.406006
 -187.705002 -185.906998 -184.035004 -182.082001 -180.050003 -177.947998
 -175.737 -173.475006
  107.5 -200.337006 -200.287003 -200.136002 -199.876999 -199.531006 -199.076004
 -198.526001 -197.878998 -197.126999 -196.289993 -195.339005 -194.307007
 -193.169998 -191.945999 -190.630005 -189.218002 -187.729996 -186.136002
 -184.475006 -182.716003 -180.886002 -178.977005 -176.990005 -174.934006
 -172.761002 -170.542007
  108. -196.710007 -196.662003 -196.514999 -196.261002 -195.923996 -195.479996
 -194.944 -194.313004 -193.578003 -192.763 -191.832993 -190.828003 -189.716995
 -188.522003 -187.237 -185.856995 -184.404999 -182.847 -181.225006 -179.505005
 -177.716995 -175.850998 -173.906998 -171.897995 -169.766006 -167.591003
  108.5 -192.550003 -192.503006 -192.360001 -192.113007 -191.783997 -191.352005
 -190.828995 -190.214005 -189.498993 -188.705002 -187.798996 -186.819 -185.737
 -184.572998 -183.320999 -181.977997 -180.563004 -179.046005 -177.466003
 -175.791 -174.050003 -172.231995 -170.339996 -168.382996 -166.307999
 -164.190994
  109. -188.460007 -188.414001 -188.274994 -188.033997 -187.714005 -187.292999
 -186.783997 -186.184998 -185.488007 -184.714005 -183.832993 -182.878006
 -181.824005 -180.690002 -179.470993 -178.162994 -176.785004 -175.307999
 -173.768997 -172.139008 -170.442993 -168.673996 -166.830994 -164.925995
 -162.906998 -160.847
  109.5 -184.440002 -184.395004 -184.259003 -184.026001 -183.712997 -183.304001
 -182.807999 -182.223999 -181.546005 -180.791 -179.932999 -179.003006
 -177.977997 -176.873993 -175.686996 -174.412994 -173.070999 -171.634003
 -170.136002 -168.548996 -166.897995 -165.175003 -163.380997 -161.526001
 -159.563004 -157.559006
  110. -180.488998 -180.445999 -180.313004 -180.085999 -179.781998 -179.382996
 -178.899994 -178.332001 -177.671997 -176.936996 -176.102005 -175.195999
 -174.197998 -173.123001 -171.968002 -170.727997 -169.421997 -168.022995
 -166.563995 -165.020004 -163.412994 -161.737 -159.990997 -158.184998
 -156.276001 -154.326004
  110.5 -176.608994 -176.565994 -176.436996 -176.216995 -175.919998 -175.531998
 -175.061996 -174.507996 -173.865997 -173.149994 -172.337997 -171.455994
 -170.485001 -169.438995 -168.313995 -167.108002 -165.835999 -164.475006
 -163.056 -161.552994 -159.990005 -158.358002 -156.658997 -154.901993
 -153.046005 -151.149994
  111. -172.798004 -172.755997 -172.630997 -172.417007 -172.128006 -171.75
 -171.292999 -170.753998 -170.128998 -169.431 -168.641998 -167.783005
 -166.837997 -165.820007 -164.725998 -163.552002 -162.315002 -160.990997
 -159.610001 -158.147995 -156.626999 -155.039993 -153.386993 -151.677994
 -149.873001 -148.029999
  111.5 -169.057007 -169.016006 -168.893997 -168.686996 -168.404999 -168.037994
 -167.591995 -167.067993 -166.460007 -165.781006 -165.013 -164.177002
 -163.257996 -162.268005 -161.203003 -160.061996 -158.856995 -157.570007
 -156.225998 -154.804993 -153.324997 -151.781006 -150.173996 -148.511002
 -146.757996 -144.966003
  112. -165.386002 -165.345993 -165.227997 -165.026001 -164.751999 -164.395004
 -163.960999 -163.451004 -162.858994 -162.197998 -161.451996 -160.639008
 -159.744995 -158.781006 -157.744995 -156.636002 -155.464005 -154.212006
 -152.904999 -151.522995 -150.084 -148.582993 -147.020004 -145.401993
 -143.699005 -141.957001
  112.5 -161.785004 -161.746002 -161.630997 -161.434998 -161.167999 -160.820999
 -160.399002 -159.901993 -159.326996 -158.684006 -157.957993 -157.167007
 -156.298004 -155.360992 -154.352997 -153.274994 -152.134995 -150.917999
 -149.647003 -148.304001 -146.904007 -145.444 -143.925003 -142.352005
 -140.697006 -139.005005
  113. -158.253006 -158.216003 -158.104004 -157.912994 -157.653 -157.315994
 -156.906006 -156.421997 -155.863998 -155.238007 -154.531998 -153.763
 -152.917999 -152.007004 -151.026993 -149.977997 -148.869995 -147.686996
 -146.451004 -145.145004 -143.785004 -142.365997 -140.889008 -139.360001
 -137.753006 -136.108002
  113.5 -154.792007 -154.755005 -154.645996 -154.462006 -154.209 -153.880005
 -153.481995 -153.011993 -152.468002 -151.858994 -151.173996 -150.425003
 -149.604004 -148.718002 -147.766006 -146.746994 -145.669006 -144.520004
 -143.317993 -142.048996 -140.727005 -139.347 -137.912003 -136.425995
 -134.865005 -133.268005
  114. -151.399994 -151.365005 -151.257996 -151.078995 -150.832993 -150.514008
 -150.126007 -149.669006 -149.141998 -148.548996 -147.882996 -147.154999
 -146.356995 -145.496002 -144.570007 -143.580002 -142.531998 -141.414993
 -140.246994 -139.014999 -137.729996 -136.389008 -134.994003 -133.550003
 -132.033997 -130.483002
  114.5 -148.078003 -148.044006 -147.940002 -147.766998 -147.526993 -147.216995
 -146.839996 -146.395996 -145.882996 -145.307007 -144.660004 -143.951996
 -143.177002 -142.339996 -141.440002 -140.477997 -139.459 -138.375 -137.238998
 -136.042007 -134.792999 -133.490997 -132.134995 -130.731995 -129.261002
 -127.754997
  115. -144.826004 -144.792999 -144.692001 -144.524002 -144.291 -143.990005
 -143.623001 -143.190994 -142.692993 -142.132004 -141.503998 -140.815994
 -140.063004 -139.25 -138.375 -137.440002 -136.449997 -135.397003 -134.294006
 -133.130997 -131.917999 -130.651993 -129.335007 -127.972 -126.543999
 -125.082001
  115.5 -141.643997 -141.612 -141.514008 -141.350998 -141.123993 -140.830994
 -140.475006 -140.054993 -139.570999 -139.026001 -138.416 -137.748001
 -137.016006 -136.225998 -135.376007 -134.468002 -133.505997 -132.483002
 -131.410995 -130.281006 -129.102997 -127.874001 -126.595001 -125.269997
 -123.885002 -122.464996
  116. -138.531998 -138.5 -138.404999 -138.246994 -138.026001 -137.742004
 -137.395996 -136.988007 -136.518005 -135.988007 -135.395996 -134.746002
 -134.035004 -133.268005 -132.442001 -131.559998 -130.625 -129.632004
 -128.591003 -127.494003 -126.348999 -125.154999 -123.913002 -122.626999
 -121.282997 -119.904999
  116.5 -135.490005 -135.459 -135.367004 -135.212997 -134.998001 -134.723007
 -134.386002 -133.990005 -133.533005 -133.018005 -132.442993 -131.811005
 -131.121002 -130.375 -129.574005 -128.716995 -127.808998 -126.845001 -125.833
 -124.767998 -123.656998 -122.497002 -121.291 -120.041 -118.737 -117.400002
  117. -132.516998 -132.487 -132.397003 -132.248001 -132.039993 -131.772003
 -131.445007 -131.059998 -130.617004 -130.115997 -129.557999 -128.944
 -128.274002 -127.549004 -126.771004 -125.939003 -125.056999 -124.121002
 -123.138 -122.103996 -121.025002 -119.899002 -118.727997 -117.514 -116.249001
 -114.950996
  117.5 -129.613998 -129.585007 -129.498001 -129.354004 -129.151001 -128.891006
 -128.572998 -128.199005 -127.767998 -127.281998 -126.739998 -126.143997
 -125.492996 -124.789001 -124.032997 -123.225998 -122.367996 -121.459999
 -120.505997 -119.501999 -118.454002 -117.360001 -116.223 -115.044998
 -113.818001 -112.557999
  118. -126.780998 -126.752998 -126.668999 -126.528999 -126.331001 -126.079002
 -125.771004 -125.406998 -124.988998 -124.515999 -123.989998 -123.411003
 -122.778999 -122.096001 -121.361 -120.577003 -119.744003 -118.862999
 -117.935997 -116.960999 -115.944 -114.882004 -113.778 -112.634003 -111.444
 -110.222
  118.5 -124.017998 -123.990997 -123.908997 -123.773003 -123.581001 -123.335999
 -123.037003 -122.682999 -122.277 -121.818001 -121.306999 -120.745003
 -120.130997 -119.468002 -118.753998 -117.992996 -117.183998 -116.328003
 -115.428001 -114.482002 -113.494003 -112.463997 -111.391998 -110.280998
 -109.126999 -107.941002
  119. -121.324997 -121.299004 -121.219002 -121.086998 -120.901001 -120.663002
 -120.372002 -120.028999 -119.634003 -119.188004 -118.692001 -118.146004
 -117.550003 -116.905998 -116.212997 -115.473999 -114.689003 -113.858002
 -112.984001 -112.065002 -111.106003 -110.105003 -109.065002 -107.986
 -106.865997 -105.716003
  119.5 -118.702003 -118.676003 -118.598999 -118.471001 -118.290001 -118.058998
 -117.776001 -117.443001 -117.059998 -116.625999 -116.144997 -115.613998
 -115.036003 -114.410004 -113.737 -113.019997 -112.257004 -111.449997
 -110.601997 -109.709999 -108.778999 -107.806999 -106.796997 -105.75
 -104.663002 -103.546997
  120. -116.149002 -116.124001 -116.047997 -115.924004 -115.748001 -115.524002
 -115.249001 -114.925003 -114.554001 -114.132004 -113.665001 -113.149002
 -112.587997 -111.980003 -111.327003 -110.629997 -109.889 -109.106003
 -108.281998 -107.417 -106.512001 -105.569 -104.587997 -103.570999 -102.516998
 -101.433998
  120.5 -113.665001 -113.640999 -113.568001 -113.446999 -113.276001 -113.057999
 -112.792 -112.476997 -112.115997 -111.706001 -111.252998 -110.751999
 -110.207001 -109.615997 -108.982002 -108.305 -107.585999 -106.825996
 -106.025002 -105.184998 -104.306999 -103.390999 -102.438004 -101.450996
 -100.428001 -99.3768005
  121. -111.250999 -111.227997 -111.156998 -111.040001 -110.874001 -110.662003
 -110.403 -110.097 -109.747002 -109.348999 -108.907997 -108.421997 -107.891998
 -107.319 -106.702003 -106.044998 -105.346001 -104.608002 -103.831001
 -103.014999 -102.162003 -101.272003 -100.348 -99.3886032 -98.3964996
 -97.3758011
  121.5 -108.907997 -108.885002 -108.815002 -108.702003 -108.541 -108.334999
 -108.083 -107.786003 -107.445999 -107.058998 -106.630997 -106.157997
 -105.643997 -105.086998 -104.487999 -103.849998 -103.170998 -102.454002
 -101.698997 -100.906998 -100.078003 -99.2139969 -98.3162003 -97.3844986
 -96.4216003 -95.4307022
  122. -106.634003 -106.611 -106.543999 -106.433998 -106.277 -106.077003
 -105.833 -105.543999 -105.212997 -104.836998 -104.421997 -103.961998
 -103.461998 -102.920998 -102.339996 -101.720001 -101.059998 -100.363998
 -99.6296997 -98.8600006 -98.0552979 -97.2157974 -96.3435974 -95.4384995
 -94.5037994 -93.5414963
  122.5 -104.429001 -104.407997 -104.342003 -104.235001 -104.083 -103.889
 -103.651001 -103.370003 -103.049004 -102.683998 -102.279999 -101.833 -101.348
 -100.821999 -100.257004 -99.6540985 -99.0127029 -98.3365021 -97.6231003
 -96.8752975 -96.0932999 -95.2776031 -94.4301987 -93.5506973 -92.6429977
 -91.7082977
  123. -102.294998 -102.274002 -102.210999 -102.106003 -101.958 -101.768997
 -101.538002 -101.265999 -100.953003 -100.598 -100.206001 -99.7714005
 -99.2993011 -98.7882004 -98.2388 -97.6532974 -97.0297012 -96.3724976 -95.6791
 -94.952301 -94.1921997 -93.3993988 -92.575798 -91.7210007 -90.8393021
 -89.9310989
  123.5 -100.231003 -100.209999 -100.148003 -100.046997 -99.9030991 -99.7193985
 -99.4947968 -99.229599 -98.9255981 -98.5803986 -98.1987991 -97.7766037
 -97.3175964 -96.8207016 -96.286499 -95.7172012 -95.1109009 -94.4719009
 -93.7975998 -93.0911026 -92.3519974 -91.5811996 -90.7805023 -89.9494019
 -89.092598 -88.2098999
  124. -98.2360992 -98.2162018 -98.1560974 -98.0576019 -97.9175034 -97.7387009
 -97.5203018 -97.2622986 -96.9665985 -96.6308975 -96.2595978 -95.848999
 -95.4026031 -94.9191971 -94.3995972 -93.8459015 -93.2561035 -92.634697
 -91.9787979 -91.2916031 -90.5727997 -89.822998 -89.0442963 -88.2359009
 -87.4029999 -86.5446014
  124.5 -96.3114014 -96.2919998 -96.2335968 -96.1376038 -96.001297 -95.827301
 -95.6147003 -95.3638 -95.0759964 -94.7493973 -94.3880997 -93.9886017 -93.5541
 -93.0837021 -92.5782013 -92.039299 -91.4654999 -90.8608017 -90.2225037
 -89.5539017 -88.8544006 -88.1249008 -87.3672028 -86.5805969 -85.770401
 -84.9353027
  125. -94.4564972 -94.4375992 -94.3807983 -94.2872009 -94.1546021 -93.985199
 -93.7782974 -93.5339966 -93.2537994 -92.9358978 -92.5840988 -92.1951981
 -91.7722015 -91.3143005 -90.822197 -90.2975998 -89.7388992 -89.1501999
 -88.5289001 -87.8778992 -87.1968994 -86.486702 -85.7490997 -84.9833984
 -84.1948013 -83.381897
  125.5 -92.6715012 -92.6530991 -92.5978012 -92.5065002 -92.3774033 -92.2124023
 -92.0108032 -91.7730026 -91.5 -91.1904984 -90.847702 -90.4690018 -90.0569992
 -89.6109009 -89.1315994 -88.6205978 -88.0764999 -87.5029984 -86.8977966
 -86.2637024 -85.6003036 -84.9085999 -84.1902008 -83.4442978 -82.6763
 -81.8844986
  126. -90.9562988 -90.9384995 -90.8844986 -90.7954025 -90.6697006 -90.5087967
 -90.3124008 -90.0807037 -89.8145981 -89.5130997 -89.1789017 -88.8098984
 -88.4083023 -87.9736023 -87.5065002 -87.0084 -86.4781036 -85.9191971
 -85.3292999 -84.7113037 -84.0646973 -83.3905029 -82.6903 -81.9633026
 -81.214798 -80.4431
  126.5 -89.310997 -89.293602 -89.2409973 -89.1539001 -89.0315018 -88.8744965
 -88.6829987 -88.4571991 -88.1976013 -87.903801 -87.5776978 -87.2179031
 -86.8262024 -86.402298 -85.9468002 -85.4608994 -84.9439011 -84.3986969
 -83.8234024 -83.2205963 -82.5898972 -81.9324036 -81.2494965 -80.5404968
 -79.8104019 -79.0576019
  127. -87.7354965 -87.7185974 -87.6672974 -87.5820007 -87.4627991 -87.3095016
 -87.1227036 -86.9023972 -86.6489029 -86.3625031 -86.0440979 -85.6931
 -85.3106995 -84.8971024 -84.4524994 -83.978302 -83.4737015 -82.9414978
 -82.3799973 -81.7916031 -81.1760025 -80.5343018 -79.8676987 -79.1757965
 -78.4630966 -77.7281036
  127.5 -86.2298965 -86.2134018 -86.1633987 -86.0798035 -85.963501 -85.813797
 -85.6313019 -85.4162979 -85.1687012 -84.8891983 -84.5780029 -84.2353973
 -83.8619003 -83.4578018 -83.0236969 -82.5604019 -82.0677032 -81.547699
 -80.9992981 -80.4244003 -79.8230972 -79.1961975 -78.5450974 -77.8692017
 -77.172699 -76.4545975
  128. -84.7941971 -84.7780991 -84.7292023 -84.6472015 -84.5337982 -84.3873978
 -84.2089996 -83.9990005 -83.756897 -83.4840012 -83.1794968 -82.8448029
 -82.479599 -82.0847015 -81.6604004 -81.2072983 -80.7257996 -80.2172012
 -79.6810989 -79.1190033 -78.5309982 -77.9180984 -77.2815018 -76.6207962
 -75.9394989 -75.2369995
  128.5 -83.428299 -83.4125977 -83.3647995 -83.2842026 -83.1735001 -83.0301971
 -82.8557968 -82.6503983 -82.4133987 -82.1467972 -81.8486023 -81.5214005
 -81.1639023 -80.7774963 -80.3623962 -79.9189987 -79.447998 -78.9501038
 -78.4255981 -77.8752975 -77.2998962 -76.7001038 -76.0771027 -75.4304962
 -74.7631989 -74.0753021
  129. -82.1323013 -82.1168976 -82.0700989 -81.990799 -81.8826981 -81.7423019
 -81.5715027 -81.3705978 -81.1383972 -80.8776016 -80.5852966 -80.2649994
 -79.9148026 -79.5363998 -79.1298981 -78.6953964 -78.2342987 -77.7462997
 -77.2325974 -76.6933975 -76.1296005 -75.5419998 -74.9317017 -74.2983017
 -73.6439972 -72.9697037
  129.5 -80.786499 -80.7714005 -80.7257004 -80.6481018 -80.5425034 -80.405098
 -80.2381973 -80.0418015 -79.8146973 -79.5598984 -79.2740021 -78.9608994
 -78.6184006 -78.2483978 -77.8509979 -77.4261017 -76.9751968 -76.4979019
 -75.9954987 -75.4682007 -74.9169006 -74.3422012 -73.7453003 -73.1258011
 -72.4859009 -71.8263016
  130. -79.3917999 -79.3771973 -79.3324966 -79.256897 -79.1537018 -79.0196991
 -78.8567963 -78.6650009 -78.4433975 -78.1945038 -77.9156036 -77.6098022
 -77.2755966 -76.9144974 -76.5263977 -76.111702 -75.6715012 -75.2057037
 -74.7153015 -74.2005997 -73.6623001 -73.1013031 -72.5186005 -71.9138031
 -71.2893982 -70.6455994
  130.5 -78.0183029 -78.0039978 -77.9604034 -77.8867035 -77.7860031 -77.6551971
 -77.4962006 -77.3089981 -77.0926971 -76.8497009 -76.5775986 -76.2791977
 -75.9530029 -75.6006012 -75.2218018 -74.8171997 -74.3873978 -73.9328995
 -73.4542007 -72.9517975 -72.4264984 -71.8788986 -71.3100967 -70.7197037
 -70.1104965 -69.4822998
  131. -76.6659012 -76.6520004 -76.6093979 -76.5376968 -76.4392014 -76.3116989
 -76.1565018 -75.9738007 -75.7629013 -75.5255966 -75.2602005 -74.9689026
 -74.6507034 -74.3067017 -73.9372025 -73.5422974 -73.1229019 -72.6793976
 -72.2121964 -71.7220993 -71.2093964 -70.6750031 -70.1199036 -69.5437012
 -68.9494019 -68.3364029
  131.5 -75.3347015 -75.3210983 -75.2796021 -75.2097015 -75.1136017 -74.9891968
 -74.8376999 -74.6594009 -74.4536972 -74.2220993 -73.9633026 -73.6790009
 -73.3685989 -73.0329971 -72.6724014 -72.2872009 -71.8778992 -71.4453964
 -70.9894028 -70.5112 -70.0110016 -69.4896011 -68.9478989 -68.3855972
 -67.8059006 -67.207901
  132. -74.0245972 -74.0112991 -73.9708023 -73.9028015 -73.8088989 -73.6875992
 -73.5399017 -73.3658981 -73.1652985 -72.9392014 -72.6868973 -72.4095001
 -72.1067963 -71.7794037 -71.427597 -71.0519028 -70.6524963 -70.2305984
 -69.7857971 -69.319397 -68.8312988 -68.3226013 -67.7941971 -67.2454987
 -66.6801987 -66.0969009
  132.5 -72.7357025 -72.722702 -72.683197 -72.6168976 -72.5252991 -72.4069977
 -72.2630005 -72.0932007 -71.8975983 -71.677002 -71.4309998 -71.1604004
 -70.8651962 -70.5457993 -70.2026978 -69.8363037 -69.446701 -69.0353012
 -68.6013031 -68.1464005 -67.6704025 -67.1741028 -66.6585999 -66.1233978
 -65.572197 -65.0031967
  133. -71.4679031 -71.4552002 -71.4167023 -71.3522034 -71.2628021 -71.1473999
 -71.006897 -70.8414001 -70.6507034 -70.4354019 -70.1956024 -69.9317017
 -69.6437988 -69.3323975 -68.9977036 -68.6404037 -68.2603989 -67.8592987
 -67.435997 -66.9924011 -66.5280991 -66.0440979 -65.5413971 -65.0192032
 -64.4817963 -63.9269981
  133.5 -70.221199 -70.2088013 -70.1712036 -70.1084976 -70.0212021 -69.9087982
 -69.7717972 -69.6103973 -69.4244003 -69.2145004 -68.9807968 -68.7232971
 -68.4427032 -68.1389999 -67.8126984 -67.4643021 -67.0936966 -66.7025986
 -66.2898026 -65.8572998 -65.4046021 -64.9325027 -64.4422989 -63.9331017
 -63.4091988 -62.8681984
  134. -68.995697 -68.9835968 -68.9469986 -68.8859024 -68.8006973 -68.6912003
 -68.5576019 -68.4001999 -68.2190018 -68.0141983 -67.7863998 -67.5354004
 -67.2618027 -66.9656982 -66.6475983 -66.3079987 -65.9466019 -65.5653992
 -65.1628036 -64.7412033 -64.2996979 -63.8395004 -63.3614998 -62.8648987
 -62.3541985 -61.8269005
  134.5 -67.7912979 -67.7795029 -67.7437973 -67.6843033 -67.6013031 -67.4944992
 -67.3643036 -67.2108002 -67.0342026 -66.8345032 -66.6126022 -66.3677979
 -66.1011963 -65.8125 -65.5022964 -65.171402 -64.8190002 -64.447403 -64.0550003
 -63.644001 -63.2136002 -62.7649002 -62.2989006 -61.8147011 -61.3170013
 -60.8030014
  135. -66.6081009 -66.5966034 -66.5616989 -66.5038986 -66.4228973 -66.3189011
 -66.1919022 -66.0422974 -65.8702011 -65.675499 -65.459198 -65.2205963
 -64.9608002 -64.6793976 -64.3770981 -64.0544968 -63.7109985 -63.3488998
 -62.966301 -62.5657005 -62.1461983 -61.7088013 -61.2545013 -60.7825012
 -60.2975006 -59.7963982
  135.5 -65.4459991 -65.4347992 -65.4008026 -65.3444977 -65.2655029 -65.1641998
 -65.0404968 -64.8945999 -64.7268982 -64.5370026 -64.3264008 -64.0938034
 -63.8405991 -63.5663986 -63.2717018 -62.9574013 -62.6225014 -62.2696991
 -61.896801 -61.5064011 -61.0974998 -60.6711998 -60.2284012 -59.7682991
 -59.2957001 -58.8073006
  136. -64.3050003 -64.2940979 -64.2610016 -64.2061996 -64.1292038 -64.0304031
 -63.9099007 -63.7677002 -63.6044006 -63.4193001 -63.2140999 -62.9874001
 -62.7406998 -62.4734993 -62.1862984 -61.8800011 -61.5536995 -61.2098999
 -60.8465004 -60.4659996 -60.0676003 -59.6520004 -59.2205009 -58.7719994
 -58.3115005 -57.835701
  136.5 -63.1851997 -63.1744995 -63.1422997 -63.0890007 -63.0139008 -62.9177017
 -62.8002014 -62.6617012 -62.5026016 -62.3221016 -62.1222992 -61.9012985
 -61.6609993 -61.4006996 -61.1208 -60.8223991 -60.5042992 -60.1693993 -59.8153
 -59.4445992 -59.0563011 -58.6512985 -58.2308006 -57.7937012 -57.3451004
 -56.8814011
  137. -62.0864983 -62.0760994 -62.0447006 -61.9929008 -61.9196014 -61.825901
 -61.7114983 -61.5764999 -61.4215012 -61.2456017 -61.0509987 -60.835701
 -60.6016006 -60.3479004 -60.0752983 -59.7845001 -59.4746017 -59.1483002
 -58.8031998 -58.4421005 -58.0637016 -57.6692009 -57.2593994 -56.8334999
 -56.3964005 -55.9445992
  137.5 -61.0088997 -60.9987984 -60.9682007 -60.9178009 -60.8464012 -60.7551994
 -60.6436996 -60.5121002 -60.3611984 -60.1898003 -60.0001984 -59.7904015
 -59.5624008 -59.3153 -59.0495987 -58.7663994 -58.4644012 -58.1465988
 -57.8102989 -57.4584999 -57.089901 -56.7053986 -56.3061981 -55.891201
 -55.4654007 -55.0251999
  138. -59.9524994 -59.9426994 -59.9127998 -59.8638 -59.7942009 -59.7053986
 -59.5966988 -59.4686012 -59.3216019 -59.1545982 -58.9700012 -58.7655983
 -58.5433998 -58.3027 -58.0438995 -57.7680016 -57.4738007 -57.1641998
 -56.8366013 -56.4939003 -56.1348 -55.7602005 -55.3712006 -54.9668007
 -54.5519981 -54.1231995
  138.5 -58.9173012 -58.9076996 -58.8786011 -58.8308983 -58.7630997 -58.6764984
 -58.5707016 -58.4459 -58.3027 -58.1399994 -57.9602013 -57.7611008 -57.5447006
 -57.3101997 -57.0581017 -56.7893982 -56.5028 -56.2011986 -55.8820992
 -55.5481987 -55.1983986 -54.8334007 -54.4544983 -54.0605011 -53.6563988
 -53.2386017
  139. -57.9031982 -57.8937988 -57.8655014 -57.8190002 -57.7528992 -57.6687012
 -57.5656013 -57.4440002 -57.3045998 -57.1459999 -56.9709015 -56.7770004
 -56.5662003 -56.3377991 -56.0922012 -55.8305016 -55.5513 -55.2575989
 -54.946701 -54.6214981 -54.2807007 -53.9252014 -53.5559998 -53.1721001
 -52.7784996 -52.3714981
  139.5 -56.9101982 -56.9011002 -56.8735008 -56.8283005 -56.7639008 -56.6818008
 -56.5814018 -56.4628983 -56.3270988 -56.172699 -56.0022011 -55.8132019
 -55.6080017 -55.3855019 -55.1463013 -54.8913994 -54.6194 -54.3333015
 -54.0303993 -53.7136993 -53.3816986 -53.0354004 -52.6757011 -52.3017998
 -51.9183006 -51.5217018
  140. -55.9383011 -55.9295006 -55.9025993 -55.8586006 -55.7957993 -55.7159004
 -55.6181984 -55.5027008 -55.3704987 -55.2200012 -55.0540009 -54.8698997
 -54.6699982 -54.4533005 -54.2202988 -53.9720001 -53.7070007 -53.4283981
 -53.1334 -52.8247986 -52.5014 -52.1640015 -51.8137016 -51.4494019 -51.0758018
 -50.6893997
  140.5 -54.9875984 -54.9790001 -54.9528008 -54.9099998 -54.8488007 -54.7709999
 -54.6758003 -54.5634003 -54.4345016 -54.287899 -54.1263008 -53.9469986
 -53.7522011 -53.5410995 -53.3142014 -53.0723 -52.8142014 -52.5428009
 -52.2554016 -51.9548988 -51.639801 -51.3111992 -50.9698982 -50.6150017
 -50.2509995 -49.8745995
  141. -54.0581017 -54.0495987 -54.0241013 -53.9824982 -53.9229012 -53.8470993
 -53.7542992 -53.6447983 -53.5192986 -53.3764992 -53.2190018 -53.0443993
 -52.8546982 -52.6491013 -52.4280014 -52.1924019 -51.9410019 -51.6766014
 -51.3967018 -51.1039009 -50.7970009 -50.476799 -50.1442986 -49.7985001
 -49.4439011 -49.0770988
  141.5 -53.1497002 -53.1413994 -53.1166 -53.0760002 -53.0180016 -52.9440994
 -52.8538017 -52.7471008 -52.6249008 -52.4858017 -52.3322983 -52.1622009
 -51.9774017 -51.7770996 -51.5617981 -51.3322983 -51.0873985 -50.8297997
 -50.5570984 -50.271801 -49.9729004 -49.6609001 -49.3368988 -49.0000992
 -48.6544991 -48.2971001
  142. -52.2624016 -52.2543983 -52.2302017 -52.1906013 -52.1341019 -52.0621986
 -51.9740982 -51.8702011 -51.7510986 -51.6156006 -51.4662018 -51.3003998
 -51.1203995 -50.9253006 -50.7154999 -50.4919014 -50.2532997 -50.0023003
 -49.736599 -49.4586983 -49.1674004 -48.8634987 -48.5477982 -48.2196007
 -47.8827019 -47.5344009
  142.5 -51.3963013 -51.388401 -51.3648987 -51.3263016 -51.2711983 -51.2011986
 -51.1153984 -51.0140991 -50.8981018 -50.7661018 -50.6204987 -50.4589996
 -50.2835999 -50.0934982 -49.8890991 -49.6711998 -49.4388008 -49.1941986
 -48.9353981 -48.6645012 -48.3806992 -48.0845985 -47.7770004 -47.4570999
 -47.1287003 -46.7891998
  143. -50.5513 -50.5435982 -50.5206985 -50.4831009 -50.4294014 -50.3610992
 -50.2775993 -50.1789017 -50.0658989 -49.9371986 -49.7952995 -49.6380005
 -49.4670982 -49.2817993 -49.0825996 -48.8703003 -48.6437988 -48.4054985
 -48.1531982 -47.8893013 -47.6127014 -47.3241005 -47.0242996 -46.7126007
 -46.3923988 -46.0615005
  143.5 -49.7274017 -49.7200012 -49.6976013 -49.6609993 -49.6086998 -49.542099
 -49.460701 -49.3644981 -49.2543983 -49.1290016 -48.9906998 -48.8372993
 -48.6707001 -48.4902 -48.2961006 -48.0890999 -47.8684006 -47.6361008
 -47.3903008 -47.1329994 -46.8633995 -46.5820999 -46.2899017 -45.9860992
 -45.6738014 -45.3511009
  144. -48.9247017 -48.9174004 -48.8955994 -48.8599014 -48.8088989 -48.7440987
 -48.6646996 -48.5709 -48.4636002 -48.3414001 -48.206501 -48.0570984
 -47.8946991 -47.7187004 -47.5293999 -47.3277016 -47.1125984 -46.8861008
 -46.6464996 -46.3955994 -46.1329002 -45.8586998 -45.5737 -45.2775993
 -44.9729004 -44.6581993
  144.5 -48.1431007 -48.1360016 -48.1147995 -48.0798988 -48.030201 -47.9669991
 -47.8895988 -47.7981987 -47.6935005 -47.5744019 -47.4429016 -47.2971992
 -47.1388016 -46.9673004 -46.7827988 -46.5859985 -46.3764 -46.1553993
 -45.9217987 -45.6772003 -45.4210014 -45.1535988 -44.8758011 -44.5870018
 -44.2896996 -43.9827003
  145. -47.3827019 -47.3758011 -47.3549995 -47.3209991 -47.2725983 -47.2108994
 -47.1353989 -47.046299 -46.9441986 -46.8280983 -46.6997986 -46.5577011
 -46.4033012 -46.2359009 -46.0559998 -45.8641014 -45.6596985 -45.4440994
 -45.2164001 -44.9776993 -44.7279015 -44.4670982 -44.1960983 -43.9145012
 -43.6242981 -43.3246002
  145.5 -46.6433983 -46.6366997 -46.6164017 -46.5831985 -46.5359993 -46.4757004
 -46.4020996 -46.3153 -46.2155991 -46.1024017 -45.9771004 -45.8386002
 -45.6879005 -45.5247002 -45.3492012 -45.1618996 -44.9625015 -44.7522011
 -44.5299988 -44.2971992 -44.0533981 -43.7989998 -43.5345993 -43.2598991
 -42.9765015 -42.6838989
  146. -45.9252014 -45.9187012 -45.8988991 -45.8664017 -45.8204002 -45.7616005
 -45.6898003 -45.6049995 -45.5077019 -45.3973007 -45.2750015 -45.1399002
 -44.9928017 -44.8334999 -44.6622009 -44.4794998 -44.2849998 -44.0796013
 -43.8628998 -43.635601 -43.3977013 -43.1493988 -42.8913002 -42.6232986
 -42.3464012 -42.0606995
  146.5 -45.228199 -45.2218018 -45.2025986 -45.1707001 -45.1259003 -45.0684013
 -44.9982986 -44.9155998 -44.8205986 -44.7128983 -44.593399 -44.4616013
 -44.3179016 -44.1623993 -43.9952011 -43.8167992 -43.6269989 -43.4263992
 -43.214901 -42.9929008 -42.7607002 -42.5182991 -42.2663002 -42.0046005
 -41.7340012 -41.4548988
  147. -44.5522995 -44.5461006 -44.5273018 -44.4961014 -44.4524002 -44.3963013
 -44.3278008 -44.2470016 -44.1542015 -44.049099 -43.9323997 -43.8036995
 -43.6632996 -43.5115013 -43.3482018 -43.1739006 -42.9886017 -42.7925987
 -42.5859985 -42.3692017 -42.1423988 -41.9057007 -41.6595001 -41.4039993
 -41.1393013 -40.8665009
  147.5 -43.8975983 -43.8914986 -43.8731003 -43.8426018 -43.7999001 -43.7449989
 -43.6781998 -43.5993004 -43.5084991 -43.4059982 -43.2918015 -43.1660995
 -43.0289001 -42.8806 -42.7210007 -42.5507011 -42.3697014 -42.1781006
 -41.9763985 -41.7644005 -41.5428009 -41.3115005 -41.0709991 -40.8213005
 -40.5623016 -40.2955017
  148. -43.2639999 -43.2579994 -43.2401009 -43.2102013 -43.168499 -43.1147995
 -43.0494995 -42.9724007 -42.8835983 -42.7835007 -42.6716995 -42.5489006
 -42.4147987 -42.2697983 -42.1138 -41.9472008 -41.770401 -41.5830002
 -41.3857994 -41.1786003 -40.9618988 -40.7358017 -40.5007019 -40.2566986
 -40.0029984 -39.7419014
  148.5 -42.6515999 -42.6456985 -42.6282005 -42.5988007 -42.5581017 -42.5056
 -42.4416008 -42.3662987 -42.2793999 -42.1815987 -42.0722008 -41.9522018
 -41.8208008 -41.6790009 -41.5265999 -41.3634987 -41.1907005 -41.0071983
 -40.8144989 -40.6116982 -40.3997993 -40.1786003 -39.9486008 -39.7099991
 -39.4613991 -39.2057991
  149. -42.0602989 -42.0545006 -42.0373993 -42.0084991 -41.9687004 -41.9173012
 -41.8548012 -41.7809982 -41.6959991 -41.6002998 -41.4930992 -41.3758011
 -41.2472 -41.1083984 -40.9592018 -40.7995987 -40.6305008 -40.4508018
 -40.2622986 -40.0637016 -39.8563004 -39.6399002 -39.4146996 -39.1811981
 -38.9375992 -38.6870995
  149.5 -41.4901009 -41.4845009 -41.467701 -41.4393005 -41.4003983 -41.3499985
 -41.2887993 -41.2165985 -41.1333008 -41.0396996 -40.9346008 -40.8196983
 -40.6938019 -40.5578995 -40.4118004 -40.2554016 -40.089901 -39.9137993
 -39.7291985 -39.5346985 -39.3316002 -39.1197014 -38.8991013 -38.6705017
 -38.4314003 -38.1857986
  150. -40.9410019 -40.9355011 -40.9191017 -40.8911018 -40.8530998 -40.8036995
 -40.7436981 -40.6730003 -40.591301 -40.4998016 -40.3965988 -40.2840996
 -40.1605988 -40.027401 -39.884201 -39.7308998 -39.5689011 -39.3960991
 -39.2153015 -39.024601 -38.8255997 -38.6179008 -38.4016991 -38.1777992
 -37.9429016 -37.7019005
