 1  328.74      0.1107999      0.1089999   0.1067999  
 2  316.04      0.1424999      0.1404000   0.1374000  
 3  303.34      0.1801999      0.1784999   0.1758999  
 4  290.64      0.2264000      0.2252999   0.2206999  
 5  277.94      0.2795000      0.2766999   0.2732999  
 6  265.24      0.3406000      0.3370999   0.3334000  
 7  252.54      0.4061999      0.4032000   0.3982000  
 8  239.84      0.4774999      0.4738000   0.4695999  
 9  227.14      0.5534999      0.5515000   0.5455999  
10  214.44      0.6355999      0.6333000   0.6268000  
11  201.74      0.7217000      0.7189000   0.7156999  
12  189.04      0.8111000      0.8087000   0.8048999  
13  176.34      0.8970999      0.8956999   0.8912000  
14  163.64      0.9654999      0.9635000   0.9613999  
15  150.94      1.0081000      1.0074000   1.0650000  
16  138.24      1.0283999      1.0271999   1.0259000  
17  125.54      1.0368000      1.0360000   1.0347000  
18  112.84      1.0400999      1.0393999      1.0381  
19  100.14      1.0413000      1.0406999      1.0395  
20   87.44      1.0417000      1.0411000   1.0398999  
21   74.74      1.0420000      1.0413999   1.0400999  
22   62.04      1.0420000      1.0413999      1.0402  
23   49.34      1.0420000      1.0413999      1.0402  
24   36.64      1.0420000      1.0413999      1.0402  
25   23.94      1.0420000      1.0413999      1.0402  
26   11.24      1.0420000      1.0413999      1.0402  
27   -1.46      1.0420000      1.0413999      1.0402  
