<mfield>
       <description name="hps_frascati_magnet_field1" factory="ASCII" comment="Frascati Magnet 1 for HPS configuration"/>
       <symmetry type="dipole-y" format="map" integration="RungeKutta" minStep="1*mm"/>
       <map>
               <coordinate> 
                       <first  name="longitudinal"  npoints="53"  min="-331.66" max="328.74" units="mm"/>
                       <second name="transverse"    npoints="5"   min="-34"     max="34"     units="mm"/>
               </coordinate>
               <field unit="T"/>
               <interpolation type="none"/>
               <shift z="-195.58" units="cm"/>
       </map>
</mfield>
   -331.66       -34   0.05124755204
   -331.66       -17   0.05230321363
   -331.66         0   0.05316693708
   -331.66        17   0.05230321363
   -331.66        34   0.05124755204
   -318.96       -34   0.06593090296
   -318.96       -17   0.06737044454
   -318.96         0   0.06837806851
   -318.96        17   0.06737044454
   -318.96        34   0.06593090296
   -306.26       -34   0.08440494537
   -306.26       -17   0.08565254509
   -306.26         0   0.08646827936
   -306.26        17   0.08565254509
   -306.26        34   0.08440494537
   -293.56       -34    0.1059020609
   -293.56       -17     0.108109355
   -293.56         0    0.1086372361
   -293.56        17     0.108109355
   -293.56        34    0.1059020609
   -280.86       -34    0.1311419904
   -280.86       -17     0.132773459
   -280.86         0    0.1341170818
   -280.86        17     0.132773459
   -280.86        34    0.1311419904
   -268.16       -34    0.1599808037
   -268.16       -17    0.1617561877
   -268.16         0    0.1634356976
   -268.16        17    0.1617561877
   -268.16        34    0.1599808037
   -255.46       -34    0.1910748631
   -255.46       -17    0.1934740841
   -255.46         0     0.194913581
   -255.46        17    0.1934740841
   -255.46        34    0.1910748631
   -242.76       -34    0.2253358513
   -242.76       -17    0.2273512483
   -242.76         0    0.2291266322
   -242.76        17    0.2273512483
   -242.76        34    0.2253358513
   -230.06       -34    0.2618041635
   -230.06       -17    0.2646353245
   -230.06         0    0.2655949593
   -230.06        17    0.2646353245
   -230.06        34    0.2618041635
   -217.36       -34    0.3007677495
   -217.36       -17    0.3038867414
   -217.36         0    0.3049903512
   -217.36        17    0.3038867414
   -217.36        34    0.3007677495
   -204.66       -34    0.3434260488
   -204.66       -17    0.3449616134
   -204.66         0    0.3463051915
   -204.66        17    0.3449616134
   -204.66        34    0.3434260488
   -191.96       -34    0.3862283528
   -191.96       -17    0.3880518377
   -191.96         0     0.389203459
   -191.96        17    0.3880518377
   -191.96        34    0.3862283528
   -179.26       -34    0.4276391566
   -179.26       -17    0.4297984242
   -179.26         0    0.4304701984
   -179.26        17    0.4297984242
   -179.26        34    0.4276391566
   -166.56       -34    0.4613243341
   -166.56       -17    0.4623320401
   -166.56         0    0.4632917047
   -166.56        17    0.4623320401
   -166.56        34    0.4613243341
   -153.86       -34    0.5110364556
   -153.86       -17     0.483397305
   -153.86         0     0.483733207
   -153.86        17     0.483397305
   -153.86        34    0.5110364556
   -141.16       -34    0.4922744632
   -141.16       -17    0.4928982258
   -141.16         0    0.4934740365
   -141.16        17    0.4928982258
   -141.16        34    0.4922744632
   -128.46       -34    0.4964971244
   -128.46       -17    0.4971209168
   -128.46         0    0.4975048006
   -128.46        17    0.4971209168
   -128.46        34    0.4964971244
   -115.76       -34     0.498128593
   -115.76       -17    0.4987523556
   -115.76         0    0.4990882576
   -115.76        17    0.4987523556
   -115.76        34     0.498128593
   -103.06       -34    0.4988003969
   -103.06       -17     0.499376148
   -103.06         0     0.499664098
   -103.06        17     0.499376148
   -103.06        34    0.4988003969
    -90.36       -34    0.4989922643
    -90.36       -17    0.4995681345
    -90.36         0    0.4998560548
    -90.36        17    0.4995681345
    -90.36        34    0.4989922643
    -77.66       -34    0.4990882576
    -77.66       -17      0.49971205
    -77.66         0             0.5
    -77.66        17      0.49971205
    -77.66        34    0.4990882576
    -64.96       -34    0.4991362691
    -64.96       -17      0.49971205
    -64.96         0             0.5
    -64.96        17      0.49971205
    -64.96        34    0.4991362691
    -52.26       -34    0.4991362691
    -52.26       -17      0.49971205
    -52.26         0             0.5
    -52.26        17      0.49971205
    -52.26        34    0.4991362691
    -39.56       -34    0.4991362691
    -39.56       -17      0.49971205
    -39.56         0             0.5
    -39.56        17      0.49971205
    -39.56        34    0.4991362691
    -26.86       -34    0.4991362691
    -26.86       -17      0.49971205
    -26.86         0             0.5
    -26.86        17      0.49971205
    -26.86        34    0.4991362691
    -14.16       -34    0.4991362691
    -14.16       -17      0.49971205
    -14.16         0             0.5
    -14.16        17      0.49971205
    -14.16        34    0.4991362691
     -1.46       -34    0.4991362691
     -1.46       -17      0.49971205
     -1.46         0             0.5
     -1.46        17      0.49971205
     -1.46        34    0.4991362691
     11.24       -34    0.4991362691
     11.24       -17      0.49971205
     11.24         0             0.5
     11.24        17      0.49971205
     11.24        34    0.4991362691
     23.94       -34    0.4991362691
     23.94       -17      0.49971205
     23.94         0             0.5
     23.94        17      0.49971205
     23.94        34    0.4991362691
     36.64       -34    0.4991362691
     36.64       -17      0.49971205
     36.64         0             0.5
     36.64        17      0.49971205
     36.64        34    0.4991362691
     49.34       -34    0.4991362691
     49.34       -17      0.49971205
     49.34         0             0.5
     49.34        17      0.49971205
     49.34        34    0.4991362691
     62.04       -34    0.4991362691
     62.04       -17      0.49971205
     62.04         0             0.5
     62.04        17      0.49971205
     62.04        34    0.4991362691
     74.74       -34    0.4990882576
     74.74       -17      0.49971205
     74.74         0             0.5
     74.74        17      0.49971205
     74.74        34    0.4990882576
     87.44       -34    0.4989922643
     87.44       -17    0.4995681345
     87.44         0    0.4998560548
     87.44        17    0.4995681345
     87.44        34    0.4989922643
    100.14       -34    0.4988003969
    100.14       -17     0.499376148
    100.14         0     0.499664098
    100.14        17     0.499376148
    100.14        34    0.4988003969
    112.84       -34     0.498128593
    112.84       -17    0.4987523556
    112.84         0    0.4990882576
    112.84        17    0.4987523556
    112.84        34     0.498128593
    125.54       -34    0.4964971244
    125.54       -17    0.4971209168
    125.54         0    0.4975048006
    125.54        17    0.4971209168
    125.54        34    0.4964971244
    138.24       -34    0.4922744632
    138.24       -17    0.4928982258
    138.24         0    0.4934740365
    138.24        17    0.4928982258
    138.24        34    0.4922744632
    150.94       -34    0.5110364556
    150.94       -17     0.483397305
    150.94         0     0.483733207
    150.94        17     0.483397305
    150.94        34    0.5110364556
    163.64       -34    0.4613243341
    163.64       -17    0.4623320401
    163.64         0    0.4632917047
    163.64        17    0.4623320401
    163.64        34    0.4613243341
    176.34       -34    0.4276391566
    176.34       -17    0.4297984242
    176.34         0    0.4304701984
    176.34        17    0.4297984242
    176.34        34    0.4276391566
    189.04       -34    0.3862283528
    189.04       -17    0.3880518377
    189.04         0     0.389203459
    189.04        17    0.3880518377
    189.04        34    0.3862283528
    201.74       -34    0.3434260488
    201.74       -17    0.3449616134
    201.74         0    0.3463051915
    201.74        17    0.3449616134
    201.74        34    0.3434260488
    214.44       -34    0.3007677495
    214.44       -17    0.3038867414
    214.44         0    0.3049903512
    214.44        17    0.3038867414
    214.44        34    0.3007677495
    227.14       -34    0.2618041635
    227.14       -17    0.2646353245
    227.14         0    0.2655949593
    227.14        17    0.2646353245
    227.14        34    0.2618041635
    239.84       -34    0.2253358513
    239.84       -17    0.2273512483
    239.84         0    0.2291266322
    239.84        17    0.2273512483
    239.84        34    0.2253358513
    252.54       -34    0.1910748631
    252.54       -17    0.1934740841
    252.54         0     0.194913581
    252.54        17    0.1934740841
    252.54        34    0.1910748631
    265.24       -34    0.1599808037
    265.24       -17    0.1617561877
    265.24         0    0.1634356976
    265.24        17    0.1617561877
    265.24        34    0.1599808037
    277.94       -34    0.1311419904
    277.94       -17     0.132773459
    277.94         0    0.1341170818
    277.94        17     0.132773459
    277.94        34    0.1311419904
    290.64       -34    0.1059020609
    290.64       -17     0.108109355
    290.64         0    0.1086372361
    290.64        17     0.108109355
    290.64        34    0.1059020609
    303.34       -34   0.08440494537
    303.34       -17   0.08565254509
    303.34         0   0.08646827936
    303.34        17   0.08565254509
    303.34        34   0.08440494537
    316.04       -34   0.06593090296
    316.04       -17   0.06737044454
    316.04         0   0.06837806851
    316.04        17   0.06737044454
    316.04        34   0.06593090296
    328.74       -34   0.05124755204
    328.74       -17   0.05230321363
    328.74         0   0.05316693708
    328.74        17   0.05230321363
    328.74        34   0.05124755204
